formula,target
KBa4Mn,0.0
Bi5Te,0.0
CaB2Ir2,0.0
IrOsW,0.0
PrRuO3,0.0
BaCrBi,0.0
MgZnAg2,0.0
ThAu3,0.0
Ho2CdSe4,0.616
Rb2Cd5As4,0.0015
PrMgPd,0.0
TbNdCo4,0.0
NdBi,0.0
LiSi3Pd,0.0
Ba4TlBi,0.0
Fe2CoAs2H10O14,0.001
Tb4CdIr,0.0
K2TiHgF6,1.729
ZrHgO3,0.0
BeZn2P,0.0
ErSi2Pd2,0.0
Ba2SrP2O8,5.622
HfSiOs,0.0
BeHgW2,0.0
Pr3I,0.0
La2B4Rh5,0.0
NaHCO3,5.646
TaAl,0.0
NdLuSe3,0.554
Rb3P,0.767
Ta4AlC3,0.0
Li9Al4,0.0
HfCdO3,0.0
ErFe10Si2,0.0
OsBr4,0.0
CuSnS3,0.0
TiBe2Os2,0.0
HC2F3,4.724
Rb2Se5,0.759
ZrU4O10,0.0
Mn3O2F2,0.33
LiDyTl2,0.0
Ac2IrPd,0.0
Ni3Pd,0.0
LaSi2Au2,0.0
RbU3TiTe9,0.0
MnNiP,0.0
NdCo4B,0.0
YSbPd2,0.0
ErAsS,0.001
YbAlPd,0.0
BaCoSO,0.0
Na2ZrSiO5,4.202
KBa2Bi2O9,0.0
DyPd,0.0
Na3H2SNO8,3.103
VPd2,0.0
BeSi2Ir,0.0
BiIrS,0.693
MnCu2HgSe4,0.0
AgPd,0.0
Zr2OsRu,0.0
K2HgSbBr6,0.0
La2InCu2,0.0
HoSiRu,0.0
BeReHg,0.0
Ce2Fe17,0.0
BaBeIr,0.0
SrCaBe2,0.0
K2NaFeF6,0.0
CaTl2Cd,0.0
TbAlAg2,0.0
Ni3O,0.0
BaScSe3,0.0
Rb2YHgF6,0.0
Nb4O5,0.0
ErAs,0.0
CaH2F4,7.749
Pb2O2F,0.0
Rb2AlAgBr6,1.14
KScBe2,0.0
SnSb5,0.0
Rb3Er,0.0
NaMnSb,0.0
MoWSeS3,0.7389
Ba4LiB3N6,2.097
Be2NbBr,0.0
LiAg5F12,0.0
YV,0.0
Sr3Be2B5HO13,3.961
CaLaAu,0.0
CaMg2Ni2,0.0
Li8H,0.0
CeNdS2,0.0
V3GeC,0.0
Be2HgSe,0.0
ZnHC,0.0
HfCoO3,0.246
Mg6NbCd,0.0
Mg2RhAu,0.0
Ca2InN,0.0
Yb2Mn12P7,0.0
ZnCdAu2,0.0
CrBO2,0.0
Ba2CrIn,0.0
GaSnH2,0.0
Ba4PdRu,0.0
NiRuO3,0.0
Sb2HF13,0.61
Sr3Li4Si2N6,2.187
YbNaPd6O8,0.0
TeN2O6,1.027
Al2H,0.0
U2Cu4As5,0.0
Na2BHO3,4.159
Tb4C5,0.0
Ce2Si3,0.0
BePdPb2,0.0
CrNO2,0.0
Hf3As2,0.0
Li2NbO3,0.0
Nd2CuGe2O8,0.505
NaCrAsCO7,0.032
InAgI2,0.0
MnVNi,0.0
YBe2Cl,0.0
Ba6Ca2TaRu3O18,0.127
Cu3Ni,0.0
K3Cu3P2,1.385
Sc2Co3Si5,0.0
ErMnFeO4,0.0
Ba2MoPb,0.0
Mn3CoO8,0.0
Sr3Cr,0.0
BeSb2P,0.0
Al2TlSn2,0.0
BaYCuWO5,0.0
PrB2Os2,0.0
Be2CdOs,0.0
CdCuAs,0.0
HfBiO3,0.0
HfSi2Br,0.0
Zn2Bi3O8,0.0
CrSBr,0.18
H10C5S,3.68
MnZnCu2Se4,0.0
Tb3OsO7,0.0
NaSrBO3,4.192
Na5CrO4,0.0
BeGaAg,0.0
BaClO2,0.0
HfB11,0.0
Li8Mo,0.0
SrNiO2,0.0
LaMgAg,0.0
YbTaO3,0.0
LaSb5,0.0
Al3Au,0.0
Ba3Ru3N5,0.0
AgBO3,0.0
ZrSiAs,0.0
AgSO4,0.0
TbBr,0.0
Ca2Si5N8,3.396
Cr2CuSe3Br,0.0
Ba4SbW,0.0
Ca3V2N4,0.0
LiTiTe,0.0
BaZn2Si2,0.0
LiTaBe2,0.0
ErB2Ir3,0.0
PrIr3,0.0
TmSiOs2C,0.0
BePb2Se,0.0
Sr2Li2Nb4O13,1.47
TaTiCN,0.0
GePbO,0.0
Sr2CrSO3,0.0
Y2MgTiO6,3.213
ErTmMg2,0.0
BaBeCl2,0.25
Tm2Si2O7,4.852
ReN,0.0
Sc2TcAg,0.0
Ba2H,0.0
Ba2CoN2,0.0
USiPd,0.0
Ba4TaV,0.0
BeAsPt2,0.0
YbLiGe,0.0
Ba2AlTlSn2O7,0.0
Ti2ReNi,0.0
HfBeBi4,0.0
LuSiRu,0.0
BeTc2Ru,0.0
NbAgF,0.0
TiFeCoAs,0.0
Li2NiO3,1.0313333333333332
Na3Cl,0.0
Tm2Mg,0.0
LiCd2Hg,0.0
MgRe3,0.0
NClOF4,1.922
K4Rb2Co2O5,0.0
BaCeMg2,0.0
PrZnAgP2,0.24
Ce3Pb,0.0
MnBeCr4,0.0
KInBr4,2.717
Na4FeO3,0.744
HoNiP,0.0
SiNiN2,0.051
Mg2CoO4,0.086
MgTeH4,0.0
TaC,0.0
Li2VFeO4,0.03225
ReH4NO4,4.01
SmScS3,1.849
BiBTe,0.0
Sc2Al3Ru,0.0
LiLuSn,0.0
Er3I,0.0
LiTiPO5,3.098
ScAlNi2,0.0
K2SbAuI6,0.0
La2MgNiO6,1.158
CeSm3,0.0
PuNi,0.0
CrSbS3,0.623
GaFe,0.0
K2NaSbI6,1.896
EuMg2H6,0.0
SrCuSi,0.0
Zn2BrN,1.927
NaSc2Be,0.0
LaBeAl3,0.0
LiMn3OF5,1.271
LaFe2P2,0.0
SbTeO,0.0
Be4CrMo,0.0
BaNbHg,0.0
BaCdO3,0.0
CuBSe2,1.617
BaU3,0.0
KSc2Co,0.0
CuSeI,0.0
K2PtC2,1.006
SrTi2Be,0.0
LiNi4O5,0.0
GaBO,0.489
Os2C3,0.155
ZnCoO2,0.0
LaSb12Os4,0.0
BaHf2As,0.0
CeScSi,0.0
BaZrBr,0.0
Ni3P,0.0
Mg2NiH4,1.725
Mn2AsSe,0.0
BeNbOs2,0.0
Rb2ErCuCl6,2.525
NdCr2Si2,0.0
LuCo4Ge2,0.0
Mg2CdRh,0.0
RbV,0.0
CeTl3,0.0
Li2Mn4N3,0.0
NdMn2Ge2,0.0
ScFeO3,0.0
FePtC6N6,2.251
ErGa3Ru,0.0
PrMgPt,0.0
YW3,0.0
YU2O6,0.0
KBa2Re,0.0
PuB2Ru,0.0
Pm3Te,0.0
ErAsPd,0.0
Rb2IrF6,0.0
Na2TlBi,0.223
LaZnGa,0.0
KBaCu2,0.0
ZrGeN2,1.181
Na2I,0.0
ScIn2Ni,0.0
Y2AlAg,0.0
Be2CrBi,0.0
Ce2C3N6,0.0
Fe2PO5,0.0032
RbFe2Te3,0.0
Pm3Nd,0.0
Ca2PtAu,0.0
Dy2PdPt,0.0
CeAl3Pd,0.0
MnFe2Si,0.0
BaMg2Ta,0.0
KNa3H4,3.121
Sr2PdAu,0.0
TmFe,0.0
Sr3La3Mn3RuO14,0.0
YBe2Fe,0.0
NdLuMg2,0.0
BeCu4Rh,0.0
Ho2ReC2,0.0
Ho2RuAu,0.0
NaTaWO6,0.42
K2SrP4O12,5.942
TaHgS2,0.0
U3Al,0.0
Pb2O,0.0
Y3Al,0.0
K2InSbCl6,0.556
HIN2,0.335
AlFe2W,0.0
SrI3,0.0
Zr3Rh5,0.0
CoNiS4,0.0
LaCo2Ge2,0.0
YbLi2Si,0.0
BeInRh2,0.0
Ca3ScCoO6,1.5353333333333332
Sm3InC,0.0
ErMg3,0.0
Mg4BeV,0.0
AcNi2Ge2,0.0
KAl2Ge2,0.0
Pr2Zn6Ge3,0.0
BaNpP2O8,0.187
TaNbN2,0.0
HfAlFe2,0.0
Ti2NiSe4,0.0
Ho5S7,0.0
BaZrPb,0.0
SmPuO3,0.0
BaMgSc,0.0
UFe3B2,0.0
ZnCl4O,0.0
BeNbIn,0.0
NbNi3H2C2,0.0
LiTm2Ir,0.0
TbTa,0.0
Mg2CuN2,0.288
PmTl3,0.0
PbCN,0.0
Zn3Ge3Sb2O12,1.338
Nd3S2Br5,2.895
TiV2S4,0.0
BeHg2Ru,0.0
SnH6C4O6,3.66
Sm3P,0.0
Yb3Pt4,0.0
NbN,0.0
SrGa2B2O7,4.185
UNb2O7,0.0
Sc2Ga8Ni,0.0
YbErZn2,0.0
Ba2Fe2S2OF2,0.0
CeSiBIr3,0.0
BaCaTa2,0.0
Ba4TaBe,0.0
Na2MgInF7,4.949
SrTiS3,0.0
BaSmCo2O6,0.0
KRu4O8,0.0
Cu2ClO3,0.0
ScBi3,0.0
YAlAu2,0.0
AcTi2,0.0
Nd3Sn,0.0
Zr3Au,0.0
In2Cl,0.0
CeP2Ru2,0.0
CeMg2,0.0
Er3Te,0.0
Pr3Mo,0.0
Mg2BeNb,0.0
K2Ga3,0.213
RbSr3,0.0
NbW3S8,0.0
Ba4Al5,0.0
NaMo2As,0.0
Br2F,0.0
V3O4F4,0.0
CaAl2Cl8,5.547
MgTiBO4,0.0
Ba3CaI8,2.955
YbNi4P2,0.0
YMg3,0.0
Ba4Ge2Te5Se3,0.56
CdCu2SnSe4,0.0
Be2InCo,0.0
ZrSe2,0.306
BePRu2,0.0
Ba4LiCuC2O10,0.981
KIO4,2.328
Zn4InS6,0.0
YbBiRh2,0.0
MnNiSb2,0.0
LiAlSi2O6,5.77
Mn2GaCo,0.0
RbMnSb,0.0
NaLi2Sn,0.0
GeBr2F10,2.924
SmH3O3,3.7575
MgMnCrS4,0.0
Sm2Fe5Co12C,0.0
CaZrO,0.0
Tb2Fe4Si9,0.0
LaAlH6,2.583
NaMgSn,0.0
CaCu3,0.0
K2InHgI6,0.0
LiFeSe2O6,0.0
AcHoZn2,0.0
DyCuSn,0.0
Ho3CuSiSe7,1.734
Zr2Sb,0.0
Ba4ScCu,0.0
MnFeP2O8,0.0029999999999999
Mg3B2O6,5.694
CeCu2,0.0
NaAcHg2,0.0
Nd2CoNiO6,0.0
Pr3Ir,0.0
Mg2ZnPt,0.0
NbCrGe,0.0
SmSi2Os2,0.0
Sm3Ga2Sn3,0.0
YMn2Ge2,0.0
Sn7Bi,0.0
LiCoSO4F,0.117
TiBe2Tc,0.0
ZnCo2N2,0.0
NaLaTi2O6,2.167
SbPt3,0.0
DyGa5Co,0.0
LaGaCo2,0.0
LuMgZn2,0.0
V5Ge3B,0.0
ErGaPt,0.0
BeIn4Ir,0.0
VGe,0.0
TmBe,0.0
RbIr3,0.0
ZnH,0.0
ZrSnTe,0.0
MgSc2Tc,0.0
LaInAg2,0.0
Dy4FeSe7,0.041
CaAg,0.0
ScNCl4,0.0
NdB2C2,0.0
NaCS2,0.0
V6C5,0.0
Be2Si,0.0
LaLuTl2,0.0
K4Al3Si3ClO12,4.631
Na4BeSn,0.0
Sr2La2FeCoO8,0.0
CdH2SeO4,3.903
SrPrFeCoO6,0.0
CaAl2Cu2,0.0
LiPrHg2,0.0
NpC,0.0
KBiO2,2.002
TbAu3,0.0
Nd5S8,0.0
YEr3,0.0
Y3Mn3Ga2Ge,0.0
Mg7Fe,0.0
Mg2InPd,0.0
Lu3Mg,0.0
ThGaPt,0.0
CoSeO4,0.076
BaSnPb2,0.0
LiDyAu2,0.0
ThFe5,0.0
NaTm,0.0
InSnCl,0.0
LiNiRhF6,0.804
Sr2CoClO3,0.0
Ca2ZnRh,0.0
Li2ZnSi,0.0043333333333333
Sm2Al9Rh3,0.0
RbK3,0.0
Na2Nb4O11,2.646
SbRuSe,0.778
ZrTi2O,0.0
NdFeAsO,0.0
BeSn2Se,0.0
SrAcTl2,0.0
FeSn2C6N6,3.473
CrSiW,0.0
YbMnB4,0.0
YbCa3,0.0
Be2VOs,0.0
BeGaPd2,0.0
Ca2Cr3O8,0.0215
YCoB4,0.0
NbV3O10,1.065
SbMo6S8,0.0
Tb2Al3Ge4,0.0
Mg3Cr2N4,0.0
LaNiSb,0.0
HgPt,0.0
U3F,0.0
Ba4CrW,0.0
BaSn7,0.0
SrAlP,0.0
K4TaBe,0.0
Yb2CaAc,0.0
K3CeAs2O8,0.0
Al3NO3,4.459
TbZnAgAs2,0.251
AsPtSe,0.0
YbAsPd,0.0
YbLi2Sn,0.0
NpGaRh2,0.0
IrO3,0.0
PmZn3,0.0
H10C7O6,4.286
KP2,0.0
BeNbCr2,0.0
NiP2O7,0.184
TbNd3,0.0
TbSe2,0.0
BH4NF4,8.061
ZrCrFe,0.0
GaNi2Pt,0.0
Yb2In8Ir,0.0
Li4ZrGe2,0.0
BaLiTe2,0.0
Dy3TlC,0.0
Mg4BeNb,0.0
KMnAg2S4,0.0
NdCu2,0.0
Sc4TiBe,0.0
TlAsRh,0.0
CeAl2Pt,0.0
DyCu5,0.0
LiBeFe,0.0
CoHO2,0.7657142857142857
Zn2NF,0.0
CeSiRh,0.0
TmMnSi,0.0
PmAu3,0.0
BeGaPt2,0.0
TiW3,0.0
TlMoCl2,0.0
Rb2CuCl3,2.252
CoCu2SnSe4,0.0
Ho12Co5Bi,0.0
YbGe7,0.0
Li2CeIn,0.0
LaBe2Sn,0.0
YAs,0.0
TbSe,0.0
AsPRh2,0.0
BeCo,0.0
Ga3Au,0.0
SmHoRu2,0.0
NaZnP,0.835
YSi3Ir,0.0
Ba4BiPt,0.0
Sm2SnAu,0.0
PmZn2Cd,0.0
BaNaPO4,4.308
Sr2B5H2O11,1.362
KTl2Pb2,0.0
LuScO3,4.56
H10C7O5,4.295
Ce4SiRh12,0.0
ScBe2Si,0.0
LiErS2O8,5.88
Li5Ni3N3,0.0
NbCl2,0.0
TmCo4Ge2,0.0
KNa2IrF6,1.488
Mn2FeSbO6,0.0
K3PrCl6,4.415
Sm2AlTl,0.0
CdCuN,0.0
Ca7Zn2N6,1.216
NaMg3,0.0
Mn3CuN,0.0
BC7,0.0
Na2AlZnF7,5.052
EuClO,4.952
TlCN2,0.0
Mg3SbO4,0.0
PrCuO2,2.422
Rb2InAuI6,0.0
Tm3Ge4Pd4,0.0
In2AgSe3Br,0.028
MgCr2F12,0.0
CuMoO4,0.0
V2NiO6,0.567
Zn3CrTe4,0.0
Mg3Ni,0.0
CaNd2Te4,1.17
K2CuAs,1.282
Ba4TlIn,0.0
Tl3AgTe2,0.615
V6H4O13,0.0
BeBiCl2,0.0
CeAg2,0.0
BeTeBr4,0.0
BaHg2Cl2O2,1.647
ScCd3,0.0
TaSb,0.0
AlInAg2Se4,0.499
Ca3Ru,0.0
UPt2Au3,0.0
Ce3Ni2Ge7,0.0
PrSi2Rh2,0.0
MnSi,0.0
TaNi2Te2,0.0
RbTmW2O8,1.733
CaAcGa,0.0
HoMnB4,0.0
Tm2Mn3Sb3O14,0.076
GdTe,0.0
Ba2NaGa,0.0
La2ZrBe,0.0
Nd3Se4,0.0
CeNiSb2,0.0
Sm4Mg3Co2,0.0
RbPt2Se3,1.126
FeCo5N4,0.0
Rb3Au7,0.0
ZnH4N2O8,3.332
PmSn,0.0
TaHO3,2.814
BaScO3,0.0
Be3Rh,0.0
ScBeFe,0.0
CaPrHg2,0.0
Zr6Ga2Fe,0.0
Nb3FeBi6O18,0.859
Nb2VS4,0.0
K2BaSe,0.0
Ba2NbO3,0.0
VRh2Se4,0.0
NaBiF6,2.547
Al2Si2PbO8,4.416
RbSn2Br5,2.382
TeOsCl,0.0
ErIn5Rh,0.0
InCN2,0.305
TiCl4O,0.0
BaC,0.0
Tb3NiGe2,0.0
NdAl3Pd2,0.0
NaMgCd2,0.0
RbPdF3,0.0
LiLuPd2,0.0
Mg2IrN3,0.0
ScBeRh4,0.0
TmH3C3O6,3.96
Li2NiP4O12,0.903
La2CoNiO6,0.0
TiAu2,0.0
HfAgB,0.0
RbSr2Nb3O10,1.456
TiGeIr,0.0
ErScZn2,0.0
PaBe13,0.0
Pb4SeS3,0.48
CdAsI,0.0
Ba4TiTc,0.0
Ag3B,0.0
Be2GeOs,0.0
BaNbSe,0.0
SbAsPd5,0.0
Ce2Br5,0.0
Cr2S3,0.0003333333333333
K4BeNb,0.0
Li2V5CoO12,0.0
Li8Co3NiO8,0.015
AlNi2O4,0.0
TbB12,0.0
La2Mn3Cu9P7,0.0
Er2Hf2O7,3.089
Ba3Nd,0.0
Li2Mn7F18,0.0
KSrI3,3.772
LiAl2Ni,0.0
Ca2B2O5,5.111
TbInCu,0.0
KTeHOF4,5.249
KBaP,1.218
ThSnPt,0.639
Be2AsCl,0.0
NdPt,0.0
Ba3Ti3O8,0.0
LiTeO3,2.233
Rb2SCl6F,0.0
CeB2Ir2,0.0
KAuSe5,1.01
Tb6FeSb2,0.0
LuGa2,0.0
NbAl3,0.0
Y3U2O10,0.109
LaNi2GeP,0.0
LuSiAg,0.0
TmS31,0.0
Li2Sm2Ge3,0.0
K2As2Pd,0.677
BeCu4Pt,0.0
Ba2NdIrO6,0.0
Ba3Os3N5,0.0
RbSnCl,0.0
Rb2NbCl6,0.0
Nb6GePt,0.0
YTmAg2,0.0
RbTlO,1.526
Mg16Al12Cd,0.0
CuMoS4N,0.0
TmSb3,0.0
Na2BrClO6,4.656
ZnRh2O4,1.08
KPrO2,3.654
Sc2TlHg,0.0
Ba2ZnHg,0.0
BeCrTe2,0.0
LuB2,0.0
Ca5P8,1.389
LiFe6P4,0.0
Nd3Ga2Ni6,0.0
NaPrTe2,1.049
Na2GaNiF7,1.1665
Na4Ge2Se5,1.617
BaHClO,4.82
BaSrSmCu3O6,0.0
GePO,0.0
RbCrNiF6,0.973
K4BaNb5O15,0.0
TiV2CrO10,1.26
La2FeSn4,0.0
Ti2FeP2O10,0.244
TbLi3,0.0
BaV2O6,2.653
SnBO2,0.0
Zn5B3Rh7,0.0
Pr2Be2GeO7,4.382
Tm4MgS7,1.043
NaInAu,0.0
PrCdAg2,0.0
NpOsO3,0.0
KGaCl4,4.145
Li2PrGe,0.0
TaTlGe3O9,3.654
LuSe2,0.0
NpSi2Ru2,0.0
MnSbSe2I,0.518
SiIr,0.0
Zr5Re24,0.0
BO3,0.0
NaTh2F9,6.96
AsHN,0.0
SrScBe2,0.0
SbHO3,1.216
CuAsS,0.0
K3Na,0.0
Tl2SnS3,0.742
FeSO3,0.019
PrNi2Sn2,0.0
SNCl2,0.0
KMg6Cr,0.0
BaFeO2F,0.0
Y6PdBr10,0.34
U3Si4Ni4,0.0
LiCr2O3,0.0
LaAl2BRu2,0.0
UCoAs2,0.0
Ba4SnBr,0.0
H5CNO2,4.753
Li8Y,0.0
HfTaO4,0.0
TmF,0.0
SrBeSe,0.0
NbFe2,0.0
Ba4HfPd,0.0
BeRe2Pb,0.0
ScB2Ir3,0.0
CaP3,0.0345
Be2CrPb,0.0
MgCo2N2,0.0
VGe2O6,0.0
SiBHC3NCl2,0.211
DyCoC2,0.0
U3Co2Ge7,0.0
Rb3Mo2Cl9,0.677
Rb2InAuCl6,0.0
Ba4InRe,0.0
YGe2Ir,0.0
Be2TcCl,0.0
LiZn2Co,0.0
Th2N2O,2.093
U2Ti,0.0
SrZn2Cu2,0.0
SmGaSb2,0.0
MgTiBe,0.0
U3C,0.0
YbCuGe,0.0
YCuPb,0.0
NF2,0.0
LiNi5O5F,0.0
SrGe2Pd2,0.0
UTlO3,0.439
Cu2As2Pb,0.0
CeAl3Pt2,0.0
YBe2Te,0.0
La3Pm,0.0
Hf5Te4,0.0
ZrS2O9,0.68
HfMg6Nb,0.0
Zr2Fe3Si,0.0
Rb2Zr2O5,1.885
Ce2Ga10Ni,0.0
Dy8H,0.0
YbZn2As2,0.436
VGaNi,0.0
LaBAs,0.0
Lu2CoCu,0.0
PaFe3,0.0
HoU3,0.0
NaCaTaTiO6,2.512
NdMgHg2,0.0
ErNi,0.0
Tm4CdIr,0.0
Pr3Te4,0.0
Ac3La,0.0
InCo2N2,0.0
BaNa2Zr,0.0
YbClF,6.035
K2NaInF6,5.569
K3Au3Br8,0.48
Th2TlHg,0.0
NiB11,0.0
Y2AgHg,0.0
BeZnSn,0.0
ZnSiN,0.0
CrCo2Sb,0.0
AlNCl,0.0
GeTePb2Se2,0.687
Ti3Bi,0.0
PmSe,0.0
Rb2ScAuBr6,1.534
AsSBr,0.0
SbI3Cl8,0.819
KI3,1.142
Cu3I,0.0
Ho6FeSb2,0.0
AlAu2,0.0
NbCo2,0.0
BaP2Br,0.0
ZnCuGe2O6,0.0
HfNiPb,0.0
DyPd3,0.0
Sm3AlCoS7,0.0
Sc6Te2Os,0.0
In2P3Se9,0.674
B11O,0.0
MnBeSn2,0.0
MgZn2P2O8,4.021
TmGaNi2,0.0
HoTc2Ge2,0.0
NaSi2Pd3,0.0
TiBeGe2,0.0
Nd2NiRuO6,0.0
YbBa4PrCu6O14,0.0
Ca2PrO4,0.0
PuGaNi,0.0
TiH8C4NO10,0.0
KVOF4,3.116
BaVS3,0.0
HoMo6S8,0.0
TbNaTi2O6,2.394
HoSnGe,0.0
Ca2Zn2CuP3,0.352
Te6Mo2W,0.876
TbCdHg2,0.0
LiInHg2,0.0
ZrTcCl,0.0
Mg17Al12,0.0
VSiRu2,0.0
UFeS3,0.0
ReTe,0.0
BeGa2Re,0.0
H6C12S3O,1.274
Li2MgSi,0.252
Lu2Sn2O7,2.816
TbNaS2,2.292
Na2LiBiF6,4.411
NaYSe,0.0
Nb2CuS4,0.0
Mn3B2O6,0.876
TiCdAu2,0.0
LiNi3,0.0
Er7Ag2Te2,0.0
NaHf2TiF11,0.0
VCoTe,0.0
Er2Al3Co,0.0
SmIn,0.0
Y3BCl3,0.0
HoSiPt,0.0
YbMgSn,0.104
BaGeCl2,0.0
Ba4TiMn,0.0
Tb3Y,0.0
Nb4C3,0.0
Ho2ZnPd,0.0
SiPb2Se4,1.588
FeC3,0.0
Zr2Be17,0.0
YbSmPt2,0.0
Yb3Pa,0.0
SmNiAs,0.0
TiBe2Te,0.0
HoTmZn2,0.0
YInRh2,0.0
BaGeO2,1.299
Zr2CS,0.0
TlSbO3,2.3816666666666664
Ca3Fe2Rh2O12,0.0
TbZnSn2,0.0
Pr4Ge3,0.0
NaGeAu,0.0
AlFeRh2,0.0
DyNi2B2C,0.0
PdI3,0.0
CuH2SeO5,0.612
BaNaV,0.0
NbNiAs,0.0
LiHI,0.0
KMnF4,0.971
Nd2In,0.0
NbGeRu2,0.0
SbS31,0.542
BaMgP,0.0
Ba3NaBiO6,1.755
NaNdC2O6,4.728
Mg3Si,0.0
Mn2Sb2PtAu,0.0
BaNiP2,0.0
BaCSNCl,4.161
Th3Tl5,0.0
Mg3GaO4,0.0
Te2MoW3S6,0.09025
LaNdTl2,0.0
RbLuS2,2.387
SnHCl3,2.887
Zr5Al3,0.0
Mg2VIn3S8,0.0
Sn2Rh3S2,0.0
Sc6Al16Os7,0.0
TbPmIr2,0.0
Ti2AlMo,0.0
BaBeIr2,0.0
CuHI,0.0
BaFePd2,0.0
Pr3CoGe2,0.0
H4C8O3,2.631
BaAu2,0.0
Re3S4Cl,1.575
Yb3Sr,0.0
SrLiB3S6,2.881
MnCo2O6,0.0
B13C2,0.0
Yb2Ru2O7,0.0
Nb4CuSe8,0.0
Ac3Tm,0.0
LaCuSeO,1.609
InAg3F6,0.0
La2U3O11,0.0
LiAsPd2,0.0
Li4V2Cr3Fe3O16,0.0
SrCe2S4,0.0
NdMgGa,0.0
PaSb5,0.0
TaP,0.0
Ba4HgRu,0.0
NaNiAsO4,0.972
Na2YAgF6,1.468
K2HgAsBr6,0.0
BeSi2Ru2,0.0
USiIr,0.0
Pd7Se2,0.0
ErUTe4,0.0
Y2Fe2Si2C,0.0
Be3N,0.0
Rb2PrI6,0.0
Sc2TlZn,0.0
Cr2GaS4,0.0
CaNdAl3O7,4.35
GeAsW,0.0
SrInHg2,0.0
ZrBe2Zn,0.0
NdAl4Ge2Au,0.0
CePmZn2,0.0
ZrNbB2,0.0
FeSi2,0.0
MgNiBi,0.0
Nd2InGe2,0.0
Be2PdBr,0.0
AsIr2Ru,0.0
ErMnGe,0.0
Sn3BiTe4,0.0
CaCO2,0.998
Sr2CuI2O2,0.0
HoFe2B2,0.0
Ba2ZnBi2,0.099
Ba4GaSn,0.0
HoFe4Ge2,0.0
Ti3Cd,0.0
HfZrN2,0.0
LiAsPt2,0.0
CaMo,0.0
Ta9Fe2S6,0.0
Li3Co4S8,0.0
La2FeSi3,0.0
H10C3NClO,5.38
Y2SeO2,2.34
TlCu2Se2O10,0.08
NdNiP,0.0
BaB2As2,0.0
V3Co,0.0
Hf6Al16Rh7,0.0
CaAgO,0.0
BeCdP,0.0
LiB3,0.036
Sc2MnSe4,0.0
CeZn3Cu2,0.0
AsSF,0.0
Li6WN4,1.753
Mn2GeO4,0.0013333333333333
Ba3Ca2Si2N6,1.728
ZrTlF,0.0
YBr2O,0.0
NaFeSi2O6,0.0
Be3Pd,0.0
K2RbNbF6,0.0
BeAl2O4,6.676
BeVIr,0.0
LuS,0.0
Sn3As,0.0
HgB,0.0
CaScAlSiO6,4.707
PrNiP,0.0
PmTh3,0.0
Mg6SiGe2,0.376
SrTlHg2,0.0
PmTmCu2,0.0
TlCuPSe3,1.528
Li2GePd,0.0
Li3MnV3O8,0.0
NaFeS2O8,0.0
Mg6NiB,0.0
TaMoN,0.0
Be4AlCr,0.0
SrCa,0.0
Ba2AlFe3O8,0.0
In3Ag3Hg2Te8,0.049
Dy3NiGe2,0.0
TmIr3,0.0
SmTmRh2,0.0
AlGaNi2,0.0
Na2Cu2TeO6,0.089
MgMnSiO5,0.645
HfO3,2.605
KTl,0.0196666666666666
NbFeO4,0.0
Li2Ti2FeO6,0.984
CeHg3,0.0
CeSi3Os,0.0
USi3Ir,0.0
InAgGeSe4,0.708
BeTcIr2,0.0
MoP2,0.0
NdAl4,0.0
Sm2ErMg,0.0
Li2Sb,0.0
Na5Sm4Si4O16F,4.774
Li2Mg2MnFeP4O16,0.229
NbCoGe,0.0
Nd3Sc,0.0
Si3Sb2O9,4.23
Rb2TlBiF6,3.139
VCuO4,0.144
LaSmMg2,0.0
CaGa2O4,3.292
YGa4Ni,0.0
CuSeS,0.0
Ag3O,0.0
LiSnO,0.0
PtC,0.0
KRb2TiF6,0.0
RuCO,0.0
NaGaO2,3.001
Sb2Pt2O7,0.639
Ce2Mn2Se2O3,0.0
Er2Al4CoGe2,0.0
NaDyO2,4.420999999999999
BaGa2Co,0.0
LiNd2Os,0.0
CeF3,0.0
Tl2TeCl6,2.411
Li4MnV3O8,0.0
Nb5Ge3B,0.0
Rb2TaCl6,0.0
NaZnO,0.0
CdPd2Pt,0.0
MnS31,0.712
CdSb5,0.0
AgGe7,0.0
Ce2NiSn2Pt,0.0
YbLiMo2O8,0.0
CeIrPt,0.0
Li4Fe3SbO8,0.0
Ba2Ti3AlO8,0.0
Ba4MgSn,0.0
Ba2Li3TaN4,2.487
MgBiP,0.0
CaPt3,0.0
TbBaCuBO5,0.0
Sr2Bi,0.013
Be2BiPb,0.0
K2AsAuF6,0.812
PrBS3,2.498
MnZnF2,0.0
Nb2AsC,0.0
CaIn2Au,0.0
TiPtPb,0.0
ZrSbRu,0.0
Ac3Cd,0.0
Ho2Be2SiO7,5.265
Sc2CoRu,0.0
HfScRu2,0.0
Na5SrNbAs4,1.176
TaBe2Nb,0.0
ErRe2,0.0
TbTe2,0.0
Pb2BrOF,2.39
PuPaSb2,0.0
SrHI2,1.252
Zr2Se3S3,0.55
Ti3FeS6,0.0
Ba4ZnW,0.0
Li2YAl,0.0
Ca2CuIrO6,0.0
TbTlTe2,0.663
V2OsRu,0.0
AgAsSe,0.0
Sr3CaFe4O12,0.0
Sr2FeH6,1.172
Yb3GaC,0.0
Na3Sm2Si2Se6,0.0
SCl3,0.0
Sr3Co2N4,0.0
BaAs2Ru2,0.0
TiMn2O4,0.0255
NaLi2TiF6,0.0
Dy3InC,0.0
UCuSn,0.0
CaBe2Tl,0.0
BaMg6Mo,0.0
BaCdSbF,0.207
LiPm2Ir,0.0
Hf2Cd,0.0
HfO7,0.0
BaNaN,0.347
YBe2Bi,0.0
Nd2Ni2Sn,0.0
Mn2P,0.0
I2Cl,0.0
TeSO2,0.0
DyCdAg2,0.0
ZrPb3,0.0
KHf,0.0
Mn2As2O7,0.0
K3Hf,0.0
CrSb2,0.0
CaIn4Ni,0.0
K2SmF5,7.138
Y5Tl3,0.0
Mg3Si2H4O9,4.407
Sm2V2O7,0.0
TlGaS2,1.821
YbLa2Dy,0.0
TbHo3,0.0
DyCu3S3,1.305
Hf4BePb,0.0
BeTc2Rh,0.0
NaSr2Ta3O9,0.0
SrGa2Pd2,0.0
BeSnP2,0.9
PbCl3,0.0
U2AlCo3,0.0
ErPt3,0.0
Sm3Tc,0.0
TbNi4As2,0.0
SrSm3Mn4O12,0.0
Mg6CrSi,0.0
Sr2AgO3,0.0
SrGeO2,0.823
LaGe3Os,0.0
Tb5Ge3B,0.0
Pr6Cu8P8O3,0.0
Zr3Be,0.0
Li2MgCdP2,1.425
Be2VGe,0.0
Sr4HfTi3O12,1.86
MnGa2Co,0.0
SmAl2Si2,0.0
Pr2Zr2O7,3.785
BaAl2Si2O8,5.019
GeBi12O20,2.395
CaH4SO6,5.825
CaPbF6,3.477
La2HoSc,0.0
Ho8H,0.0
LiTaW2,0.0
Nd2Zn17,0.0
KDyMo2O8,3.238
ErSb5,0.0
K3H5Pd,2.917
Ba3Pr,0.0
SrVZnP2O8,0.575
YbTm2Se4,1.1125
BH11C4NClF4,6.508
LuAgPb,0.0
YbYAl6,0.0
KMn2Be,0.0
Pu2SnHg,0.0
Bi2Rh2O7,0.0
YGa3Ru,0.0
BH12C3N,6.56
MgZrO,0.0
SmCoGe,0.0
Li4Fe2Cu3O10,0.0
TbMgTl2,0.0
ReCl4,0.184
K2Dy4Cu4Se9,0.803
PH4I,3.908
NdCuTeO,1.533
Li2CuNiO4,0.0
MnCo2Ge,0.0
HoCuSb2,0.0
Cr5NiAs3,0.0
Eu3MoO7,0.0
Tl3AsF6,2.046
ScTaOs2,0.0
Pb3N,0.0
Br3Cl,1.424
BaCr,0.0
Ba2Mn3Sb2O2,0.0
Sr2Al2SiO7,4.274
DySnPd2,0.0
LiSnP,0.0
Rb2Al2Sb2O7,3.718
PbSeO,0.0
AlGe3,0.0
BeCrGe,0.0
YTmCu2,0.0
BaInCl2,0.0
Li6PClO5,5.557
EuC6,0.0
Tl3Fe,0.0
Al4CO,0.0
USnRu,0.0
Ac2NiGe,0.0
YbBi2BrO4,0.0
LiFe2OF5,0.011
BaTm2NiO5,0.0
Ba2MnBi,0.0
Ca2SbMoO6,0.0
Nd3Ag,0.0
SrCa3Br2N2,2.243
Na2PdSe2O8,1.6635
BaAl,0.0
TbErTe2,0.0
BaNa2Mg,0.0
Tb3In,0.0
Fe6O5F7,0.0
B2CN,0.0
Ti2FeNiSb2,1.028
KCr3O8,0.3573333333333333
TlSb5,0.0
MgCrFeS4,0.0
AlVOs2,0.0
MgMn2AlAu4,0.0
Nb2Tc,0.0
Na2CuAuF6,0.0
Cu2SeS3,0.587
CaCr4S8,0.0
TmCoC,0.0
Mg6CdGa,0.0
BaMg6Ga,0.0
TlCN,2.012
LaP3H8O7,5.092
SmB12,0.0
Na2LaCuCl6,1.176
YBi2ClO4,1.43
CdB,0.0
Li2FeSiO5,0.0
PrSi,0.0
MnIn2Se2S2,0.0
KVAg2O4,1.045
Ca3Os2N4,0.0
InCuSnSe4,0.112
InCo3SnS2,0.226
TiFe6Ge6,0.0
Tl4CdI6,1.975
NaAgC2O4,1.672
SmSnF7,5.068
HfBe13,0.0
Ti2Si6Mo,0.0
Mg2BeCd2,0.0
BaZnP,0.0
Ac3B,0.0
SrZnCrP2O8,1.162
DyMnGa,0.0
NbZn3,0.0
Li3Cu4SbO8,0.0
Si3PH9,4.099
Sr2LiTl,0.0
Ti2BRh6,0.0
Li2Ni3WO8,0.0
Cu3Se,0.0
La3GdCl4O4,3.009
BeCr4Sn,0.0
Th2CrN3,0.0
Be2CdCo,0.0
K3GaS3,2.891
Li3Fe2Cu2O8,0.0
SmSnAu2,0.0
Cr3WO8,0.266
CeSiIr,0.0
PrCu,0.0
BaAlF5,7.921
YbB4O7,7.497
GaH13C4N2,3.527
RbTiS2,0.0
MnGeTe2,0.0
Sr2NiSe2Cl2O6,1.107
InCu6O8,0.0
HfSiRu2,0.125
Be2FeNi,0.0
TbPrZn2,0.0
NaSmTl2,0.0
YbIn5Co,0.0
CeYCo17,0.0
Li8Cd,0.0
ErCrO3,1.094
Li5H9Pt2,0.0
Mg6BiMo,0.0
ZnCdAg2,0.0
Ba2InTe,0.0
Rb8N3O,0.001
TlAsRu,0.0
HoPu3,0.0
SrAc3,0.0
Ce3Co,0.0
CuGe2N3,0.0
Sc2IrRu,0.0
HoTmRu2,0.0
VSiPt,0.0
NaSiAu3,0.0
ZnCu2SnS4,0.0558
Tm2ZnOs,0.0
Rb2LuCuCl6,2.457
Rb2CdO2,1.533
HfTlCuS3,0.854
CaPa3,0.0
Zn2CuNi,0.0
Si2Ni6B,0.0
BeCu2Mo,0.0
YbAu2,0.0
NaZr2CuF11,0.132
LaCl2,0.0
ZrTlF3,0.0
Ga3Ir,0.1105
Ca5Au3,0.0
Al2Zn2Sn,0.0
Sm3NiGe2,0.0
FeNiP,0.0
BeSnCl,0.0
SiHN,0.0
KTaF6,6.24
BaAlSn,0.0
SnN,0.0
DyCrB4,0.26
InGaCu2Se4,0.022
SrGa2Ge2,0.0
CeSi2RuRh,0.0
La2CuGe,0.0
CdPd3,0.0
AgPtO,0.0
YGa5Co,0.0
Ta3Sn,0.0
Tb4Ga12Pt,0.0
AlAsO,0.0
LiTm2Tc,0.0
Sr2Fe2S2OF2,0.0
ErOs2,0.0
TiFeCoSb,0.0
Mg2TlBi,0.0
SiBPb,0.0
SrAlH2,0.0
LaBe2Pd,0.0
NdGa2Pt2,0.0
MgSnPt2,0.0
Tc2AsPt,0.0
YbEu3,0.0
CaTa2Tl,0.0
HgBiPb,0.0
Fe3NiP4,0.0
NbCl,0.0
GaO7,0.0
Cr3N2,0.0
Cu8O7,0.0
Ho2OsPd,0.0
TlCdI3,2.053
Ba4TaCu,0.0
LiBePd,0.0
Mg2SiPt,0.0
LaNi2,0.0
Ba2ZnSi2O7,4.29
CaCl2O4,2.669
KRuO4,0.0
Ba3CrN3,0.0
K2BaFe,0.0
CaInPd,0.0
La3AsBr3,0.0
Tl3V,0.0
BaNpO4,0.345
ErGa2Ru2,0.0
Mg16NpAl12,0.0
BaEu3,0.0
Si2Ag9NO11,0.343
NaMg16Al12,0.0
SrIn2Au,0.0
K2SnCl4,1.628
Dy3GaS6,2.025
KTaCu2Se4,1.655
LaInCu2,0.0
RbTh2P3O12,5.184
DyWC2,0.0
BaSrW2,0.0
Li3MnV4O12,0.0
LiCa2Ga,0.0
ReN2,0.0
AlTl2F5,3.887
LiIN,0.0
Ba2ZrUO6,0.0
HfSnRu2,0.0
K2Ge2PbS6,2.041
Dy3AlNi8,0.0
InPd3,0.0
Mo2N,0.0
AcGe2Rh2,0.0
NbPt,0.0
RbMgAsH12O10,4.399
PrV,0.0
Sn2SeS,0.715
LaZr2Be,0.0
ScInIr2,0.0
NdSeO,0.523
YNi2P2,0.0
Mn3SnC,0.0
Mn2CoTc,0.0
Be2TlFe,0.0
MnCo21B6Mo,0.0
Li2AlPd,0.0
V5P3N,0.0
Cr2CoSe4,0.0
CdCoCu2S4,0.0
AcCe3,0.0
Ho2HgOs,0.0
MgZn5N4,0.013
TiVN2,0.0
Lu2Mn2O7,1.258
Ba4ZnFe,0.0
ScMo3O8,0.0
MgSi7Ir3,0.0
LaSiRh,0.0
CaCuN,0.0
Tb3Ge4,0.0
NpAsS,0.0
Li2VFeO5,0.488
NaAlH8N2F6,6.982
Li5Cu4P6,0.0
YLuIn2,0.0
SrAl2Cu,0.0
KCa3,0.0
Pb5S2I6,1.805
HfZnO4,0.0
AlO7,0.0
CePPd,0.0
Dy2OsPd,0.0
ErCd2Cu,0.0
Na8SnSb4,0.154
Nd2CuIr,0.0
CaSmAg2,0.0
FeCu2GeS4,0.0
BaNi4O8,0.0
NpGa5Ni,0.0
U3Be,0.0
Rb2AgAsBr6,0.703
AlInAg2S4,1.061
Sc2MnS4,0.579
ErCoSi,0.0
Rb3Sr,0.0
Ta10SeS3,0.0
PrYAl6,0.0
BeCo2Pt,0.0
BiPSe4,0.254
Tb8Hg,0.0
TaMo4S10,0.0
TbMn6Sn6,0.0
K2Ta15O32,0.0
LiNO2,2.059
K2BeTl,0.0
Re3Pt,0.0
Mg2Mn3InS8,0.0
CaN2O6,3.729
BaLaMo2,0.0
FeSbRh2,0.0
Sr2CaIrO6,0.0
U2InPt2,0.0
ErBi5,0.0
Nb2Se3,0.0
NpAs3,0.0
NaMgHg2,0.0
SrAlF,0.0
Dy2SnAu2,0.0
TaSb2,0.0
Nd3SOF5,3.526
Ba4HoRu3O12,0.0
Zn3B7ClO13,4.631
Th3O2,0.0
Nd3Ge,0.0
ErZnAsO,1.298
Er3S,0.0
Cu3SbSe4,0.0
Ge3Te,0.0
RbAcO3,0.0
Zn2InGaO5,1.372
ZrZnF2,0.0
Li2MoF6,0.0
Na3PS3O,2.947
NaMg2P,0.0
K2NaGaF6,6.189
Cr4InCuS8,0.0
BaCaCd,0.0
Y2ZnAg,0.0
TiCr2,0.0
BeIn4Mo,0.0
Li2IBr,4.209
Zn2SbWO6,0.0
Rb2ErAuCl6,1.939
ZrPdF6,1.07
CuH12I4N4,0.811
SbS2NF6,2.539
PuTiO3,0.0
Ba4MgCd,0.0
PaZnPt2,0.0
YGa2Ir2,0.0
UMn2,0.0
Ba2MgTl,0.0
NdFeSi2,0.0
MgVBiO5,2.986
TaTc2As,0.0
La5Si3,0.0
CeCoSi2Rh,0.0
Sm2IO2,0.0
Cr3Ni,0.0
Li5Mn2V3O10,0.003
CaLaCo2O6,0.0
NdTa,0.0
Li2MnPO4F,1.82
Y4Rh6Pb19,0.0
Sr3CdIrO6,0.0
LiNdMg2,0.0
LaErTl2,0.0
NaTl2Sb,0.0
Ni3Ir,0.0
BaLaPrMn3O9,0.0
RbC2I3N2,2.943
SmInRh2,0.0
Tm2Fe2Si2C,0.0
YbNdS3,0.0
Na2PtC2,0.542
CrCl2,0.0
NaNi2O3,0.0
LaNi4B,0.0
Li2AuO2,0.0
Na3AuBr6,0.0
ZnHC2,0.0
Ba4CdSe,0.0
LaSiPd,0.0
TiIN,0.0
Au2F,0.0
KRb2ScI6,2.289
TiNbO4,0.0
Na2TiSiO5,3.032
NaMnBi,0.0
HfGaCu,0.0
HfInNi2,0.0
BeCuPb2,0.0
Y4Ga12Pd,0.0
NaLaMgTeO6,2.637
TiBeCd,0.0
CoSbRh2,0.0
CaIrN2,0.0
CaSm2O4,3.917
TiPCl2,0.0
YCuSi2Ni,0.0
AlBO2,0.0
YH16C4N9O16,1.79
ThS2,1.076
Ca2BeFe,0.0
AsRh2W,0.0
Y2TlAg,0.0
Th2ZnTc,0.0
LiAl2Ga2,0.0
Dy2Al,0.0
BeNb2In,0.0
AcRh3,0.0
In2Te3,0.0
Ba4ReSb,0.0
ErVB4,0.0
Sr3N2,0.0
K2ErAuCl6,1.942
Sc2TlC,0.0
CoTeSe,0.0
RbB,0.0
Na5EuTaAs4,0.011
Cd2PbO4,0.0
PtN2O6,0.0
U2As3Se,0.0
Li3Eu,0.0
CaBeRh2,0.0
SmTc,0.0
SnW3,0.0
BaVO2,0.0
PrSmIr2,0.0
RbBiF2,0.0
K2NaAsBr6,2.497
AlCr2Re,0.0
CaPu7,0.0
TbSi2Ru2,0.0
Ho2Mg,0.0
PbO2,0.0133333333333333
TbPt3,0.0
ErGeBiO5,3.451
Y6TeO12,2.79
CaMgSn,0.0
S2Cl,0.0
CeZnGe,0.0
K2AgPdF6,0.0
RbW2O6,0.0
CaCo2Ge2,0.0
BeSiIr2,0.0
LiRh2Pb,0.0
Ca2ZrO3,0.0
TmZn2Cd,0.0
AlHN2,0.0
Yb2TlHg,0.0
MnCoGe,0.0
LiSbWO6,2.669
TiCo2Ge,0.0
Te2F,0.0
Ba4TaTi,0.0
Be3Cu,0.0
CdHg2SO6,1.438
ScMnRh2,0.0
BaLi4Cd,0.0
TlPdPb,0.0
HfOs3,0.0
Ag3W,0.0
LiAgSb,0.0
BePbSe2,0.0
ErZnSn,0.0
YbLi3,0.0
BaCaPb2,0.0
CeAl2Cu3,0.0
Ce3AlO,0.0
NaAgO2,0.668
ThCo2,0.0
Sc2CuRh,0.0
Yb2MgHg,0.0
Rb2Zn5As4,0.03
LiCaMg2,0.0
SrLa3Ti2Co2O12,0.0
TiZnSiO5,2.98
Ta2Se,0.0
Ho3In5,0.0
MgTiFeS4,0.3
CdSnSb2,0.07
Nb2Tl2O7,0.0
Sm2AgRu,0.0
Al4CdO7,3.065
K2Be2Se,0.0
ErV,0.0
Ba2HfTe,0.0
Sb3Rh,0.0
CrCoO4,0.0
Na2CdCl4,3.63
ZrTi2Al,0.0
Ba2TaCoO6,0.496
LaSe,0.0
K3SbSe4,1.224
Be2RuCl,0.0
YbAl2Ag2,0.0
MgBeRh,0.0
Ho2PbS4,2.276
I2N,0.0
Ba3AsP,0.088
SiAsW2,0.0
HoCd3,0.0
Li2AcPb,0.0
FeSi2O6,0.0
MgSi2Pd2,0.0
MgNbRh2,0.0
RbCaBr,0.0
Ni3Se,0.0
Al2IrOs,0.0
Dy8As,0.0
ZnCl,0.0
TaBe2Pd,0.0
Co3SiGe2,0.0
Pm3In,0.0
NaMgPb2,0.0
RbCd2As2,0.0
SrU3,0.0
YP3O9,5.864
KCeMo2O8,0.0
Nd2CdRh2,0.0
SrGa2Au2,0.0
HfZrC2,0.0
Tb2In3Sn3,0.0
Li5SiP3,1.286
PrNi2,0.0
LiCoOF,0.0
GeSbTe3,0.0
TaBe2Tl,0.0
Ba4In2Te2S5,1.898
SnPO4,0.0
NbBi3O7,1.8285
Ba4MnFe,0.0
Nd2Co17N2,0.0
H10C17SO,1.2375
Co5B2P,0.0
Y5Sb3,0.0
TiGaAs,0.0
CaBe2As2,0.819
ZnPt3,0.0
TlCdTe,0.0
Nb2InC,0.0
MgAlPd2,0.0
LiCo2Si,0.0
AlCrCl,0.0
RbInW2O8,1.649
AlVF5,1.0085
MoPO5,0.0
MgGaPd,0.0
Li5CrCl8,1.848
CrHgAs,0.0
Zr9VO20,0.271
Cr2Rh2C,0.0
ThPt,0.0
MnSiO4,0.504
ZnPt,0.0
Li5V2Ni3O10,0.234
Li3Mn4CoO8,0.0
BeTe2Ru,0.0
Cr3AgO8,0.222
CaTmIn2,0.0
Li3Co2Si2O8,0.0036666666666666
SmTmTl2,0.0
ZnSnF,0.0
RbErSeCl2O3,4.181
Ba5Nd8Mn4O21,0.0
GaH,0.0
Li3Au,0.0
Rb5Fe3O6,0.0
ZrMn28,0.0
Lu2AgOs,0.0
MgCu2,0.0
ErSi2,0.0
BHN2,0.0
MgGaH5,3.835
Mn3B4Mo3,0.0
Li4CoB2O6,0.071
BaCuO3,0.0
KPd2O3,0.403
Sr4PdO6,1.602
CaCr2O5,0.0
SrCd2Sb2,0.0
Ca3Co2Ge3O12,0.986
MgTiS3,0.0
HfInCu2,0.0
BaGeBi2,0.0
Nb2Co3Ge,0.0
Pu3Mg,0.0
Ca3H,0.0
BaTa2Bi2O9,2.131
Be2VSi,0.0
AgTeNO5,1.91
Sc5Cl8,0.0
Bi2Ir,0.0
Er2Ni3B6,0.0
DyZnNi,0.0
SrSnH2,0.0
ErMnSi,0.0
CoPd2Se2,0.0
V3Cr3Sb2O16,0.0
Ba3ErMn2O9,0.0
HoSnAu2,0.0
LiMg6Sb,0.0
SrPuO3,0.0
Tl2I3O9,1.802
Be2Zn,0.0
Mg4BePd,0.0
CeCuGe,0.0
BaGa2B2O7,4.209
LaInPd,0.0
YBeTl,0.0
DySi2Rh3,0.0
Eu2Al3O8,0.261
MnBeNi2,0.0
Nb2CrW,0.0
Li2CrPbS4,0.406
Sr4CaCr2S2O6,0.476
Be2CuGe,0.0
KLaCu2O4,0.0
ZrBeSi2,0.0
CaSeO2,0.0
LiAlPO5,0.255
RbBH2,0.0
Nb4FeSe8,0.0
K2RbTaI6,0.0
YbK2RbV2O8,0.0
Ba2YFe3O8,0.0
SnSCl2,0.989
Rb2VCl6,0.0
Sr2NdBiO6,1.686
NdInPd2,0.0
Li4Mn3Fe2O10,0.025
Sc6Si7Ni16,0.0
BeBi2Pb,0.0
Pr2ZnSn,0.0
HfGaPt,0.0
Th2SN2,1.717
YFe4Ge2,0.0
InSn2Br5,2.241
Er3S3OF,0.508
Na4ScBe,0.0
SrLiAlF6,7.704
Mg2HgAu,0.0
BaSiB,0.0
HfBeCd2,0.0
YCd,0.0
ZnCu2SnSeS3,0.031
Nb2CoAs,0.025
Tb2Ni2Sn,0.0
CaCr2F10,0.007
LiPr2Tl,0.0
Pr2CuRu,0.0
CeEr3,0.0
Sr5V2N6,0.414
Rb4MnAs2S8,0.479
TaVB4,0.0
K2Si2Pb2O,0.0
Zn2CoSbO6,0.519
Li3V2Ni2O8,0.0
BaSn3Pd,0.0
Sr2LiInGe2,0.0
Ba4MoBr,0.0
YOF2,0.0
MnHgPd2,0.0
CuPt,0.0
Lu3Ni7B2,0.0
Ca2Ti6N2O11,1.9835
BaRh3,0.0
CeRhC2,0.0
YCo12B6,0.0
CaMgGeO4,3.751
Zn2Cr2O5,0.0
Li8ZrO6,4.982
BaNb10SiO19,0.015
TmBi5,0.0
CoCu3,0.0
Sb5Rh,0.0
AlPbF2,0.0
CeNdZn2,0.0
K2CoI4,0.538
Pr2CuAg,0.0
Tm2Mo2C3,0.0
EuCu,0.0
Li2MnPHO5,1.655
NaNi2O4,0.0
VFe2S4,0.0
PtO6,0.0
NaCrP2S6,1.54
MgTcH2,0.0
TaFeSi,0.0
MnRePb2O6,0.0
K4MnBr6,2.19
CaAlS2,0.0
Ba2LaMn2O7,0.0
LiSn3,0.0
TlPF,0.0
RbAgO3,0.0
HfCl4,3.912
InBi3,0.0
Li3Tl2Cd,0.0
Li2Cr3NiO8,0.0
CeInPd,0.0
La2MgCu2,0.0
LaFe2PbO6,0.0
BClO2F4,2.0985
Ho3Tl5,0.0
Lu5Te2Au2,0.0
BaInGe,0.0
ThHgPd,0.0
BaGa2Ge2O8,3.167
TbBi5O9,1.848
MgZrIr2,0.0
PrNdTl2,0.0
YbPr2Y,0.0
MnCo2Sn,0.0
Ti2VS4,0.0
YbDyRh2,0.0
Ba2FeCoClF7,0.0
SrGeH,0.0
Tm3In,0.0
NdMg2Ni9,0.0
CeAl4Si2Rh,0.0
BaGa,0.0
SrCd2Ga2,0.0
Li2NbS3,0.0
ScBeTc2,0.0
K4HgP2,1.018
TeRu,0.0
Si2As,0.0
TlBTe2,0.0
PrSmO2,0.0
Pr3Au,0.0
Na2MnBe,0.0
Rb2YCuF6,0.936
CO3,0.0
Fe2P3O10,0.164
Ca2ZnPb,0.0555
Pr2Ni2Sn,0.0
SmPb3,0.0
FeNi2,0.0
Mg2SnSb2,0.655
CuBN,0.0
Na2BeNb,0.0
Li2CrAsCO7,1.554
Be2SiW,0.0
CaPt2O4,0.0
Rb8PO3,0.0
Ho2CuOs,0.0
HgIrO3,0.0
Ta2VC2,0.0
HfScHg2,0.0
K2SnH6O6,3.871
BaLa,0.0
Li3V4NiO12,0.101
ErNi4,0.0
ZnCdSe4C4N4,2.902
TiAlRh2,0.0
Ce3Tl,0.0
NdSmIr2,0.0
NdGa2Au2,0.0
BrClF,0.0
LiPH,0.0
Yb2AgIr,0.0
HoTaRu2,0.0
TaTeBr9,1.949
Li4V3Cr3W2O16,0.0
Sm2SO2,3.043
LiNd2RuO6,0.293
HoAlGe,0.0
BaNiRh2,0.0
U2SnPt2,0.0
Al3N,0.0
Tb4Sb3,0.0
NaYHg2,0.0
Na2FeAsCO7,0.588
MgFeF6,0.0
GaCuRh2,0.0
ErSnPd2,0.0
Ba2InPb,0.0
ThGa3,0.0
Sr2FeRuO6,0.0
Te2P,0.0
Pr2Ni3P4,0.0
Al2Zn2In,0.0
BeMoP2,0.0
NdNi2Sb2,0.0
PmEr3,0.0
Nd2ZnIr,0.0
PrAl2Si2,0.0
TiCuGeAs,0.0
LiEu3,0.0
BeRe2Cl,0.0
Ba4VCo,0.0
La3ZrGa5O14,3.747
RbCd13,0.0
RbCo,0.0
HoMn2O4,0.0
Sr3LiIrO6,0.0
CrCu3,0.0
LiAg2Sn,0.0
BaIr2Pd,0.0
Ba4ZrIr,0.0
LiMo6Se6S2,0.0
YbMg2As2,1.312
HfVGe,0.0
GaCu3,0.0
Li4CoOF5,0.0
LiMgH3,4.292
Mn2CuN2,0.0
Mg6VCr,0.0
Ti2O3F,0.0
NdSiPt,0.0
NiRu,0.0
Dy6InCo2,0.0
SmHoHg2,0.0
Rb2LiYBr6,4.06
ZrW,0.0
Mn2SiNi,0.0
Ti4FeCoS8,0.0
Pr4As3,0.0
Be2GaRu,0.0
TaGaOs2,0.0
Sr2InF7,5.076
Yb2Ag7,0.0
La3PbC,0.0
ZnSbAs,0.0
NaHf6N6Cl6,0.0
BePRu,0.0
AlCo3C,0.0
Hf5GaSn3,0.0
CuSeO4,0.0
Na2GaPCO7,4.101
BaPSe4,0.0
K2ScPCO7,4.362
BiH3,0.0
MgCu2O3,0.0
Pr3Ru,0.0
LiMnSi2O6,0.0
SmCrO4,0.0
V2Se9,0.5
HfIN,0.99
DyBiRh,0.0
LuMg16Al12,0.0
CaCrF4,1.629
Li2InPt,0.0
NbBr4O,0.0
CaAcZn2,0.0
TiFeCoSi,0.0
BeInGe4,0.0
Dy2ZnIn,0.0
Li2Ca2Ta3O10,0.0
Ba2MgSn,0.0
Ag3SeNO3,0.669
Li4MnO3F,0.583
K3Fe2O4,0.0
Yb7MgPt4,0.0
NdAgAs2,0.0
AsOs2Pt,0.0
CuAsPbS3,0.832
SrMn2Ge2,0.0
NdSe2,0.0059999999999999
SmAsPt,0.0
Ac2TlIn,0.0
Sm2PdRu,0.0
Pr3Si2S8Br,2.715
LiCaTl2,0.0
CuPt3,0.0
Si3Mo,0.0
LaBe2Rh,0.0
Yb4Pt3Au,0.0
Pm2MgRu,0.0
K4CdAs2,0.684
RbAg3Te2,0.237
BaN3,0.0
B11Pd,0.0
HoTmTl2,0.0
Tb2Fe17,0.0
TbSi2Ni10,0.0
LiGe,0.0
Sr3P2,0.191
K3SbBr6,2.864
Ca3In2Ga4,0.0
In2I,0.0
Yb2HgRh,0.0
YbAl8Fe4,0.0
Y2ZnPb,0.0
Mg2CrWO6,0.0
Li2MgBi,0.0
ErNi5,0.0
BaSn3Au,0.0
ZrCoP,0.0
Pr3GaC,0.0
LiBiPd2O4,0.857
HoNi4Au,0.0
ThUC2,0.0
PrFe4P12,0.0
Mn10NiN8,0.0
Na3MgP2HO8,5.301
CaCdPt,0.0
MnOF,0.0175714285714285
Tm2ZnCu,0.0
ErSi2Ni2,0.0
Sm4Cl6O,0.0
Rb2LiMoI6,1.035
YbH9C5N2O8,0.0
HfZnNi2,0.0
Sm3MnAlS7,0.0
Yb3Ti3O14,0.0
BaNa,0.0
KMgBe2,0.0
AlW3C4,0.0
Ca2SnAu,0.0
Sm3Hg,0.0
Rb2H4Pt,3.299
Li6CrFeP2C2O14,0.137
La2AlIn,0.0
Ce2Si3Rh,0.0
Fe3PdN,0.0
BaSrIn2,0.0
Li2CrCuP2O8,0.251
PmAgHg2,0.0
KNb4AgP2S20,1.271
NdSiGe,0.0
Na2LaCeTi4O12,0.0
Ho2ZnCu,0.0
NdC2,0.0
NbSi2,0.0
CuTeO3,0.0275
Ba4TaIr,0.0
Pr5S8,0.0
ScSiRu2,0.0
Ba8Bi4H2O,0.543
YFe12,0.0
Nb3Te,0.0
Na3TiFe3O8,0.0
NaBe2Sn,0.0
Nd2Tc2O7,0.0
CrFe2Sn,0.0
TlTe,0.0
NaFe2O3,0.0
NdTiCdSbO7,2.667
Pr3CuGeSe7,1.166
TiMnBe2,0.0
Ba4TcTe,0.0
TbTlPd,0.0
Hf2Si,0.0
LaCuPb,0.0
ScCu2Hg,0.018
YbPd2Pb,0.0
PmDyZn2,0.0
MgTaO3,0.0
TmMo6Se8,0.0
NaMg6Ni,0.0
LiCdBO3,2.2830000000000004
MgTi4O8,0.0
Rb2H4Pd,2.954
RbZr,0.0
CeAu,0.0
Pb2SO5,3.218
Li4MnCo5O12,0.0
BaNiPd2,0.0
NaI3O8,3.094
SmSi2Rh3,0.0
Be2VSn,0.0
TmHfRu2,0.0
Mn3ZnO7,0.89
Li4Co3SnP4O16,0.001
Na4Sr2TiP4,1.304
ZnGaO4,0.0
Si2N,0.0
HfReSi,0.0
ErP2Ru2,0.0
BaSbO3,0.0
K2RbTiF6,0.0
La3Te4,0.0
NaMoF3,0.0
Ba3TmRu2O9,0.0
BaBrCl4,0.0
Mn2Nb,0.0
KLi3PbO4,1.556
Li4Fe3CuO8,0.0
AsCl2F3,2.928
BeFe,0.0
NaCoSO4F,0.036
MnV2Co,0.0
PdSeS,0.0
Fe3BO5,0.0
Fe2W,0.0
CeNiB4,0.0
NiRh2O4,0.0
UIn3,0.0
Ba6Br2N3Cl,1.079
BaNiF4,0.5916666666666667
Tm2AgAu,0.0
ScB12,0.0
Cu2SiHgS4,0.371
RbErO2,3.706
CePd,0.0
TmAsSe,0.22
InI4,0.0
P2PdO6,1.801
Cu3NiH6Cl2O6,0.0
YSeO3F,4.356
Yb3Li,0.0
LaUTe6,0.0
GaSb3Pb4O13,1.206
YbZn2Ge2,0.0
TiCo2Si,0.0
ZrCo6Ge6,0.0
I2Br,0.0
YBi,0.0
TePbO2,0.0
AlTlO3,0.836
TmCo2Sn,0.0
Mg4SiSn,0.0
ZrCCl,0.0
Ba2Bi,0.0
Li2NdAs2,0.0
Ba4VBr,0.0
HSN,0.0
LiMg2Pd,0.0
Ba4HgOs,0.0
ErBiRh,0.0
Rb2AsAuF6,0.865
PrHf,0.0
ErMo6S8,0.0
Ta3Au,0.0
YbPaO4,0.0
Ni3As2O8,0.314
GeClF,2.78
CoNiSe2,0.0
ScNiC2,0.0
BePdPt,0.0
NdCoSi3,0.0
BaInBi,0.291
NaAg2Sn,0.0
Pa3Ag,0.0
LuTaOs2,0.0
YbTmSe2,0.0
BaOsO3,0.0
SrEuO3,0.0
CdBi5,0.0
Nd3Lu,0.0
TeMoI,0.0
Yb2FeS4,0.0
TaNF2,0.0
Sm2NiRu,0.0
Rb3Ca,0.0
Tb3Ge5,0.0
KYSiS4,2.808
CuH4SeO5,0.022
BaHfO,0.0
Cd2Cl,0.0
Hf3Cu4Ge2,0.0
LuSc,0.0
BaHgPb,0.0
BC3,0.0
YbAl3,0.0
Tm5Mg,0.0
HfRh,0.0
MnCuAs,0.0
Ba4YBe,0.0
Na2Sm2Ti3O10,2.065
ThB2Pt2C,0.0
DySb3,0.0
TlNiF,0.0
Ca6MnN5,0.82
SrGa4,0.0
Ba3MgTa2O9,3.353
SrSi6N8,3.337
K2InAsI6,0.0
LiY2Cd,0.0
Li2MgSiO4,5.082
Tl4Pd15Pb,0.0
TbGa2Ir2,0.0
RbCrS2O8,1.655
YTiO3,0.0
TaBRu,0.0
LiFe2O3,0.0
Mn3Rh,0.0
ZrCoAs,0.0
Sc2PdRu,0.0
Dy2NiAs2,0.0
BRh,0.0
Li2HoTl,0.0
BeGaCu,0.0
Tm4Ga12Pd,0.0
La2Cu2O5,0.0
Zr5Sn3B,0.0
Zr6NiSn2,0.0
Sr2CoBr2O2,0.0
SmSiO3,0.0
MgInO3,0.0
SrYGa3O7,3.177
YTmO3,4.958
SnBi,0.0
SrGe7,0.0
MnFeSiO4,0.052
SbPt,0.0
LiMoO2,0.0
K2Zn3SiAs4,0.114
LiRuF6,1.013
Mg6NbSi,0.0
TaMn2B4,0.0
K3NaUC3O11,2.355
RbOs,0.0
K2LiPrI6,2.894
Ba2NdMoO6,0.0
Sc3Te,0.0
TbCo3B2,0.0
ZrMn,0.0
K2YCuI6,1.851
K2GaHgI6,0.0
AcAgAu2,0.0
SrZr2Nb,0.0
SmBiRh,0.0
ScTl,0.0
U2Si3Ge3,0.0
FeGe,0.0
Ca2CdTe2F2,1.494
NaMnN,0.0
AlB3H12,6.222
YbPr2Cd,0.0
CdPOs2,0.0
VGeO3,0.0
NdY3S6,1.049
UMn4Al8,0.0
SrCd11,0.0
RbTaP2O8,3.412
CeBiPd,0.0
SrSi2Ag2,0.0
Mg2AlIn,0.0
Li5Mn5V2O12,0.0
BH2S3N3F4,2.0835
MnSnO3,0.0
TmGaNi,0.0
MnBeCo,0.0
Li4Fe2Co3Sn3O16,0.0
HoZrZn2,0.0
KRb2Na,0.0
Ce2Si6Pd21,0.0
Yb2CePm,0.0
MgP3,0.0
Al4Mo,0.0
MnPd2,0.0
TlBiF2,0.0
IrC,0.0
Sr2MgCd,0.0
Ho4NiB14,0.0
ScBRh3,0.0
TmTl,0.0
PrHo,0.0
VFeSe,0.0
PuBrO,0.0
Mg7GeN6,1.645
HoBi2BrO4,1.481
Li4Mn3O2F6,1.146
K3Rb,0.0
Li3CrCu4O8,0.0
Sc2TlAg,0.0
ZrB12,0.0
BaBO,0.0
Ba2UCrO6,0.75
Ca2AlH8S2ClO12F2,5.792
NaBOF2,6.565
NbRh,0.0
PrNdAl4,0.0
Ca2Nd2MnNiO8,0.0
Tl3Br,0.0
Te2Pd3Pb2,0.0
Li2MgAg,0.0
Rb2MnF4,1.486
Ba2YTlSn2O7,0.0
NbAsPCl13,2.268
Hg3B2O6,2.605
MnVO4,0.0
HfGa2Co,0.0
Nd5Fe2B6,0.0
Yb2CdBi,0.0
YbBO3,0.0
Nb6C5,0.0
KRb2VF6,0.0
TbNiGe2,0.0
Nd2Pd2O5,1.205
LaPbAu,0.0
Tb3Eu,0.0
Ce3S4,0.0
CaBeSi2,0.0
MgNi5N4,0.0
LiCaNiF6,0.0
Yb3Os,0.0
VP2O7,0.0
BaSrMgSi2O7,4.577
InNF3,0.0
LiSm2Hg,0.0
YbSr,0.0
Pd3W,0.0
Be2CuBi,0.0
Ba3VO5,0.0
Pr3InO,0.0
ZrNbCo4,0.0
Er2InAg,0.0
Sr2LuBiO6,1.887
Pb2S,0.0
KMnP,0.0
RbSbBrF3,3.879
Be2CuPt,0.0
KPuCO5,0.569
LiLu2Os,0.0
SnPPd5,0.0
TaBeZn2,0.0
FeP2,0.382
InCu6ClO8,0.0
KDy3F10,6.861
MoClO3,0.003
MgCoN,0.0
In2Sn2O7,0.488
Nd4CdIr,0.0
ScTlTe2,0.068
Co2GeO4,0.0
Na2CrN2,0.0
InAgP2Se6,0.463
YFe4Cu3O12,0.0
BaHfCu2,0.0
TlAs2Au2,0.0
LuCu3S3,0.0
Li8Al3Si5,0.0
USbO5,0.0
K2AlF5,6.616
PPbSe3,1.7
MnCr4CdS8,0.579
Ba2InSb,0.0
LiPt2,0.0
SmZrZn2,0.0
BaBiW,0.0
LiAlSi,0.231
PuTcB2,0.0
NaCaAu,0.0
Hf5Si3,0.0
Hf2OsRh,0.0
Li8SiO6,4.919
Yb3Se,0.0
Tb2B6Rh9,0.0
MgMnF,0.0
TcBr,0.0
HgPb2Cl2O2,2.401
Na4BePd,0.0
Ho2As7Rh12,0.0
NaSi2S3,0.0
BaNaSn,0.0
ScCoC2,0.0
Ti2VTc,0.0
Sn4Pt,0.0
C2Br,0.0059999999999999
CuCl2,0.0
KBa,0.0
RbPrSe2,1.869
BaInF,0.0
Dy2Si3,0.0
ZrN2,0.0
CaInAu,0.0
CdAg,0.0
AlBiBr6,2.579
Y2MnFeO6,0.124
LiBe2Bi,0.0
Ba4NaTc,0.0
CdInI,0.0
Cr3B4,0.0
HfInAu,0.441
Er3Mn3Ga2Ge,0.0
ZnCo3,0.0
Fe10CoN8,0.0
NpSi,0.0
Rb3Zn,0.0
CuSbMo2O8,0.742
NpMn2Si2,0.0
Li4Cr2P4H3O16,0.0185
Be2GaCu,0.0
LuGaRh2,0.0
LiHo2Os,0.0
H6C3O,5.459
Li3Al2FeO6,0.509
Ta2OsPd,0.0
TiVTc2,0.0
TbTiFe11C,0.0
DyZrSb,0.0
Li4Nb3Fe3Sb2O16,0.026
Rb3GePSe7,1.457
HoH2,0.0
Tl9SbTe6,0.733
US3,0.0
ZnCS,0.0
PmMgGa,0.0
LiDy2Tl,0.0
NaPrTl2,0.0
NdNiGe3,0.0
H10C9O2,3.823
NaTc,0.0
GeH2,0.0
PrIn4Ni,0.0
CrTcGe2,0.0
Li5Nb2Ni5O12,0.0
CuGe7,0.0
BeGaP,0.0
RbBrF4,3.07
Rb2GeSe3,1.351
MnAsPd2,0.0
Pm2AgRh,0.0
Ca3SbI3,1.623
KIr3,0.0
Mn3Co20B6,0.0
LiEuW2O8,3.49
Li4NbFe5O12,0.0
BaBr2O7,0.716
MnBrO3,1.211
SnCO3,0.0
HoBeCu4,0.0
CaHoTi2O6,0.0
TiBrO3,0.0
Cd3Te,0.0
Sr4As2O,1.221
Tb8Zr,0.0
Zn2NiRh,0.0
PrUP2,0.0
Bi2PdO4,0.0
YCo3Se2ClO8,0.0
SmThMg2,0.0
Yb3SnC,0.0
BeFeBi,0.0
NaNb6O15F,1.597
SmMg2Sb2,0.0
BaCu6As2,0.0
Pr5AgSe8,1.462
Dy2Pd2Pb,0.0
ZnNiPd2,0.0
NaPb3,0.0
Y3H2,0.0
La2Ge5Rh3,0.0
SnTe2,0.0
PrAlH6,2.332
Sr2LiO12,0.0
Ga2NiS4,0.0
Sc2TiB2Ir5,0.0
InFeCo2,0.0
BeSbSe,0.0
LiSbTe2WO12,2.022
CrHgPb2O6,1.733
Ba4MoCl,0.0
TbSiPt,0.0
Nb5SnSe8,0.0
CsMn28,0.0
SiCCl3F3,6.117
La3S,0.0
ThCoSn,0.0
SnC2O4,2.593
PbBrCl2,0.0
Sn3Ge,0.0
HgSe2,0.0
Na2BeGeO4,3.933
H5C7NO,2.618
Ba4LaBi,0.0
NdB2Rh2C,0.0
Rb3BiO3,3.256
LiPRh2,0.0
Mn2Be2Te,0.0
Rb2MnS2,1.0
LiMn7O3F9,0.866
LaPrTl2,0.0
K2RuCl5O,0.0
YbThRh2,0.0
Rb3Ge,0.0
RbCrClO3,2.594
Li2AlRh,0.0
SrAl2Ga2,0.0
Tm2MgTc,0.0
InO3F,0.0
AsSI,0.0
LiAuC2,1.561
BaSrTe,0.0
Er3Co2Ge4,0.0
Pm3Er,0.0
LiOsF6,1.088
RbHgN3O6,0.0
Ce3TaCl6O4,0.0
KHoMo2O8,3.213
YSn3,0.0
PdBr2,0.59
SbTeI,0.891
BeCdMo2,0.0
Co5SbO8,0.0
B2AsBr,0.0
Rb2CuBr2Cl2,0.0
Li4V5Co3O16,0.0
LiFeN,0.0
Li2MgH4,4.098
Be2I,0.0
Al2Te,0.0
PuTe,0.0
Pm2RuPt,0.0
TbIn5Co,0.0
IOF3,3.44
NbVN2,0.0
Tm2Mn12P7,0.0
Yb2GaHg,0.0
CdRhF6,0.0
ErNiGe,0.0
LiBe,0.0
SrLuCuS3,1.458
RbTe2O6,0.0
ErHg3,0.0
BeCo2Si,0.0
MnCdO3,0.0
Ba4HfTc,0.0
PrPt,0.0
BaYMo2,0.0
V3Pb2O9,0.189
RbNdO2,3.449
SrLiLa3MnO8,1.578
Mn3PdN,0.0
ErSiPd2,0.0
SrBeBi2,0.0
AlSi3W2,0.0
ScSiPt,0.0
ZnMo,0.0
NbVCr2,0.0
RbCuTeS3,0.889
SbN9,2.688
Tl2FeCu3S4,0.0
CeZn2,0.0
Ba2VPb,0.0
ThCdAg2,0.0
Li4Co5SnO12,0.0
Be4InCu,0.0
Ba2SrUO6,2.361
ZrBe2Cr,0.0
CrIrO4,0.0
LaMn2CdO6,0.0
YbInNi4,0.0
La2LuSc,0.0
CaInTe,0.0
HfPbO3,2.539
Rb2CrCl4,0.0
HfGeRh,0.0
NaVSiCO7,1.541
Rb2BeF4,7.31
KBe2Te,0.0
AcSm,0.0
Ce3Si2,0.0
SrCrO3,0.0
LaCrSe3,0.039
Cr2CuSe4,0.0
BeTe2Rh,0.0
Ru3Cl,0.0
Ca3CoRhO6,0.0
HgRu,0.0
ErAs5,0.0
Li2B2Rh3,0.0
Tl6SI4,1.588
Fe4OF7,0.0
TcW,0.0
Ba2V2O5,0.0
Er6AgGe2S14,0.0
TiFe2Se4,0.0
SmZnPO,1.222
BeCrRe2,0.0
BaZr4Hg,0.0
Na2Co3O4,0.0
MnN,0.016625
Sr2Cu3S2O2,0.0
ScAl2Ni,0.0
Li3IrF6,2.37
TmTa,0.0
CaUI6,0.248
Ac3Mg,0.0
Sm2Mo2O7,0.0
CsCeS2,2.463
LiLuO2,4.9245
Ba4CdSi,0.0
Li2PmSn,0.0
LaZnPO,0.625
LiTl2GaF6,4.604
Ce4As3,0.0
TlTe2,0.0
TlPF3,0.0
BeCuSb2,0.0
MnBe2Se,0.0
TiCrAs,0.0
SnHC,0.0
Ba4BeHg,0.0
PaB3,0.0
DyAlGa,0.0
CeAs3,0.0
Ta3In2Se6,0.0
Ga3F,0.0
Tm2PdPt,0.0
ScU3S6,0.0
BeVMo,0.0
Ba4B2N4O,2.892
Np3Be,0.0
K2CaC2O6,4.555
Na2Hf2O5,2.15
RbBiS,0.0
Sr3Zr3N5,0.0
Nb3O7F,1.587
Li4Ti2V3Cr3O16,0.0
Sr2TiO4,1.953
KRb2TmCl6,4.78
TlAg2SbS4,0.483
Pr2UP3,0.0
Rb2AgBiF6,2.471
Pr3SiAgSe7,1.503
BaTi2Cu,0.0
ZnC,0.0
Th2AlH4,0.0
MgBe2Os,0.0
LuFe2Co2B,0.0
BeVRh,0.0
SrHBr,4.074
TiNbRu2,0.0
BaDy2CoO5,0.0
Ca2CrN3,0.0
BeVRh4,0.0
LuB4Os,0.0
Li3SiNi3O8,0.0
CeSc3B4O12,0.041
BaSrPb,0.324
RbAuSe2,0.0
Cu3Ag,0.0
Tl3AsSe3,0.696
PrSb2Au,0.0
SrBeCd4,0.0
BeCoP,0.0
Yb4Mg3H14,3.288
NaPm2Sn,0.0
BeNbCu,0.0
ScBe2Cd,0.0
VGaO3,0.0
TiSnRu2,0.0
CdBiO4,0.0
Sr2TlHg,0.0
ThAg3,0.0
Ca2CoO3,0.0
Ti5CuSn3,0.0
Ca2MgPt2,0.0
Li2AlGa,0.0
Yb3N,0.0
Th2HgAu,0.0
Na4MoN2O2,2.392
K6CoS4,0.465
YThB8Rh8,0.0
CrSn7,0.0
LaWN3,0.818
Yb2CaIn,0.0
ErSiRh2,0.0
ErCo2Si2,0.0
Ti5Si4,0.0
Sr2YTlSn2O7,0.0
Be2TcIr,0.0
AgBiTe2,0.0
ZnP4,0.987
TaIr,0.0
Bi2Te2S,0.304
LiC3,0.0
Be2CoBr,0.0
BeSb2Pd,0.0
Ti6Al16Co7,0.0
AuOF2,0.0
USiO4,0.0
Mn3FeP4,0.0
Ba4TaPd,0.0
NaBeSn,0.0
InGeCl,0.0
CaNdCd2,0.0
Pr2CdS4,1.652
Ba4InW,0.0
CaMn2F10,0.608
LaBe2Te,0.0
Na2Sb,0.0
MnCo2Se4,0.0
Na3AsF6,3.922
YGe2,0.0
PdSe2Br6,1.19
CeZn2Hg,0.0
MgTi3O7,2.884
BaHo2NiO5,0.0
ErBi2BrO4,1.504
SrCuO3,0.0
SiCu3,0.0
Eu2AgPt,0.0
HfTiCN,0.0
CePr2S4,0.0
SrAlH3,0.547
U6Mn,0.0
NdMgAu,0.0
B11C,0.0
AgPdF6,0.04
NaBeAs,1.499
TmTiClO3,3.121
LiSnO2,0.0
Ba2YZr,0.0
YbBiPd,0.0
SeI,0.0
Tm2Mn2O7,1.209
Na2MgAlF7,7.066
PrGeAu,0.0
Sm4I6O,0.0
Ni3Hg,0.0
LiMn2P2HO8,1.9895
Nd6MnSi2S14,1.002
Pu7Cl,0.0
CeU4N5,0.0
ScSiRh2,0.0
U2Al3Ga,0.0
NdBiO4,0.591
Cr3S4,0.0
Ho2Ge2Rh,0.0
ScGaRu2,0.0
Hf3Tl,0.0
K2HgAuBr6,0.0
YbAl,0.0
Fe8O9,0.0
Er3Rh,0.0
BeBiOs2,0.0
B11Rh,0.0
Sc2AlAg,0.0
YSi2W2,0.0
K2NaAlH6,2.676
Sr2InHg,0.0
Sc4TaBe,0.0
TePb3Cl2O4,2.126
MnO,0.0
ZnCr4S8,0.0
SiBi5,0.0
K2TlAsF6,2.762
TiPS,0.0
KBaGe,0.0
TmPaTc2,0.0
Li5Cr2Fe5O12,0.127
CoReO4,0.0
IBr2,0.0
Ca3Er,0.0
ErCoGe,0.0
VIr,0.0
Mn2SbAs,0.0
Ca2CeO4,2.353
YbNbO3,0.0
MgVGaS4,0.0
NdNb,0.0
LaBr3O7,2.048
Sr2Cu3Br2O4,0.0
YSc2Ni2,0.0
HoB7Mo3,0.0
PaNi2Ge,0.0
Ba2ScTaO6,3.065
Rb2NaLuCl6,5.334
ZrPbF2,0.0
Be2FePt,0.0
Ho3Al2,0.0
DyZnPd,0.0
DyBi5,0.0
Zn2AsOs,0.0
CeScPd6,0.0
YTmHg2,0.0
Pr3In,0.0
Nd3Mg,0.0
PrCoSi,0.0
Rb2Pd3S4,1.1655
ZrPtPb,0.0
Y2CuOs,0.0
Zr5CdPb3,0.0
CrSnRu2,0.0
Zr6CuBi2,0.0
BaZnCr2,0.0
Zr4Ni3As8,0.0
CdP2O6,3.786
ScAl2Rh,0.0
Er2IrRu,0.0
P3C,0.0
CrCoN2,0.0
As2I,0.0006666666666666
YbMgTl2,0.0
ZrBe2Ru,0.0
Pa3Pd,0.0
Pm2MgTl,0.0
YSnRh2,0.0
NaY3,0.0
TmSi2Tc2,0.0
DyTmRh2,0.0
SrHIO,4.117
NdNi2Bi2,0.0
Be4CuSi,0.0
LaMg7,0.0
Ca2ZnSn,0.0
UBiTe,0.0
HfInAu2,0.0
Rb2Fe4O7,0.0
V3AuN,0.0
BiAs,1.088
Ho2AgHg,0.0
BeCuSn2,0.0
MnRh3,0.0
LiMgPd,0.0
BaLiMg,0.0
Sm3U,0.0
AgBiSCl2,1.093
Li3AlSiO5,5.173
TiGaFe2,0.0
BaCrIn4,0.135
YInCo2,0.0
KCrS2,1.152
BaSrNi2,0.091
Ti5Pb5O14,0.144
TlAsF2,0.0
CrB2Mo,0.0
PbSeBr2,0.0
CoSeS,0.0
As2PdO6,0.172
Hf3Cu4Si2,0.0
ScBe2Te,0.0
NaSi3BO8,5.431
LaGa2Ir2,0.0
Sr3In,0.0
Li3Hg,0.0
CdCuP2O7,0.0
Dy5Sb3,0.0
MoPd4,0.0
NdGa2Co3,0.0
TcAsPd2,0.0
MgFeSiO5,0.0
Fe3O2F4,0.0
LiGeAu,0.0
La2N,0.0
YNO,0.0
NaBeO,0.0
Ge2S,0.0
Nb2Pd,0.0
Cr2C3N6,1.176
ZnNi3C,0.0
B4Mo,0.0
Li4MnO2F3,0.888
Pr2Al2Fe15,0.0
Re2GeAs,0.006
CaLa2Tl,0.0
Lu2IrRu,0.0
Mg6CoC,0.0
Ga2Ni21B6,0.0
NaPS3,1.914
Pr2ZnBi4,0.0
Ba4ZrTi,0.0
NiH12SO9,1.692
BaPdO2,0.0
Li8In,0.0
CeAlSi,0.0
TaF,0.0
SbS4N3,0.0
CuAs4S3Cl,1.422
Na2UF6,0.2335
RbHPd,0.0
ScBeW,0.0
BH8N,5.591
KRb2SmCl6,4.684
ZrGaPt,0.0
Au3N,0.0
K3Mn,0.0
PmGeAu2,0.0
Ta2VOs,0.0
MoPb,0.0
YbNiB4,0.0
NaSbCl2,0.0
Sr3AlO4F,4.661
SrBiAu,0.0
Tm3Al,0.0
Sc3Si3Ni,0.0
Be2SiPd,0.0
SmPtF7,2.426
PaAlFe2,0.0
NbTlS,0.0
Ca3Zr,0.0
SmGe2Ru2,0.0
AcB2Ir2,0.0
Ho5SbPt2,0.0
MnBeSe2,0.0
SrTl3,0.0
BaCd2Se,0.0
NaCd2In,0.0
Li4Mn3Nb3Sn2O16,0.0
Re2NiO8,1.276
AlGaPd2,0.0
TiBe12,0.0
Be2RuSe,0.0
ScSi,0.0
NaHF,0.0
TaBeRu,0.0
Ho5Sn18Rh6,0.0
YbNi4B,0.0
HfTe5,0.0
P2Au,0.018
AlPt3C,0.0
NpIr2,0.0
La2Zn17,0.0
BeZnTc,0.0
Ba4SbRu,0.0
Zr6Al2Co,0.0
Cu2HgGeTe4,0.0
LuCl3,3.393
BaCoO3,0.0
Na2CrAsCO7,1.319
Ba6HfO8,2.357
Tb3Ga2Ni6,0.0
Li5Cu2Ge2,0.0
Tb2Co3Ni,0.0
LaBeW2,0.0
YbRh3,0.0
Ba4HgP,0.0
SmAl2Cl8,0.111
KFeBr3,0.0
Ti2InCo,0.0
BaH5ClO3,5.222
Cd2Ru2O7,0.0
SnH20C11O4,4.556
LiTiNiO4,0.0
Rb2NbHgF6,0.0
AlC,0.0
ErFe4B,0.0
HfTiC2,0.0
PrNiSnH,0.0
CeGa2Ir2,0.0
Er3F,0.0
TbSi2Ni,0.0
SmTlTe2,0.649
La2Co2I,0.0
Li4TiMn3P4O16,0.056
LuGeIr,0.0
YAgO,0.0
Ba4MnP,0.0
Ce2Si2NiPt,0.0
Sm2P3Pt4,0.0
Ti2CrIr,0.0
LaThPb6,0.0
ThB4W,0.0
Yb2InCu2,0.0
Al9Co2,0.0
La2ZnNi,0.0
LiZn2Cu,1.311
K4Sb2O3,1.388
ScCuO3,0.0
Li3FeIrO5,0.005
LuSi,0.0
LaNCl4O4,0.438
Mn3Ni4Sb,0.0
CrCoTe,0.0
LiDy2Tc,0.0
RbAuO3,0.0
LiMnCoO4,0.3339999999999999
RbPdF2,0.0
LiNbS3,0.0
Cu2GeI6,0.0
CaAu5,0.0
Sn7Pt,0.0
AsS31,0.582
Mg6CoCu,0.0
Li3MnOF4,0.63
LaSn3,0.0
NaBP2,0.0
TbFe4Cu3O12,0.0
YCr2Si2,0.0
LiMn3CrO8,0.0
CaBeCl,0.0
Mg6FeW,0.0
Cr2CdSe4,0.359
BaSrZn,0.0
RuF4,0.0
TaMn2N3,0.0
YbBi2ClO4,0.0
LaCoGe2,0.0
HoCd,0.0
MnCuPd2,0.0
PmCu,0.0
Ho2C3,0.0
SmCu3,0.0
Sr2PtAu,0.0
H6CIN,4.153
Ba2LaRuO6,0.203
Be4NiGe,0.0
MgInNi2,0.0
Ti4MnBi2,0.0
Sm2ZnSn,0.0
NaBePd2,0.0
Ho5Ga3,0.0
Ba4LaGa,0.0
CaBe2Sb,0.0
Se2Cl,0.0
NdSiIr,0.0
YBr4O,0.0
MgV3O7,0.786
Nd12Co6Sn,0.0
BF3,8.134
Ta4FeS8,0.0
VSbRh,0.0
LaAl5Ni2,0.0
LiCa2Pb,0.0
BaBiAu,0.0
TbRb2NaCl6,5.033
KAlNiF6,1.17
BaLaFe2O6,0.0
Na3Zn,0.0
Ca3Tm,0.0
BaInFe4O7,0.0
PrMgAg2,0.0
PrErCo17,0.0
YbBa2Cu3O7,0.0
SrNdCoO4,0.0
Ba3Ho2MoO9,2.021
TaFe2Ge,0.0
SmCu5,0.0
Ba3Al3N5,1.722
Sc3Si3Ir,0.0
Au2Cl,0.0
ScZnMo3O8,0.0
Ho2NiSn6,0.0
MgFe4Cu3O12,0.0
Pr3MnAlS7,0.0
BeInBi4,0.0
CrB4Mo,0.0
Pr4NiS7,0.479
HfPd2,0.0
SmZnSn,0.0
TbSi2Tc2,0.0
Tb3Ru,0.0
Na2B4H20O17,5.344
LiB6C,1.432
LiYBe,0.0
Nb3B4,0.0
CaVF6,0.0
FeAgS2,0.0
Pr2HgIr,0.0
Na3SbO3,3.162
Nd5Ga3,0.0
ErAl3,0.0
Li4Ti3Mn2Nb3O16,0.0
Sm3Br,0.0
AgSbF2,0.0
SrHg,0.0
LaNiSn,0.0
PrTlO3,0.0
Lu3Si,0.0
CaBeSi,0.0
HfTaRu2,0.0
TbCu3Se3,1.019
CdSCl2,0.0
ZnBr3,0.0
CaBi3,0.0
ScPbAu,0.0
NO,0.0
Be2MoBr,0.0
Na2MgC2O6,4.578
K3NaOs2O9,0.0
NaSbCl,0.0
UCu2Ge2,0.0
Rb2ErAgCl6,3.526
Ba2TaO3,0.0
BeSn2Br2,0.0
Sr3ZnIrO6,0.0
Li2VCoO4,0.0404999999999999
YLuMg2,0.0
B6O,2.214
BaYCuSnO5,0.0
Na6MgCl8,5.245
KMg6Nb,0.0
Ba2Na2O3,2.535
Mn28Pt,0.0
MgAlF2,0.0
ZrBeBr,0.0
VSiRh,0.39
KAg2PS4,1.057
USe3,0.0
HoCuGe,0.0
Nd4Fe4Co12B3C,0.0
Nd2Te4O11,3.318
CdPt3O4,0.0
TbIn,0.0
MnV2Cr,0.0
BeTlTe,0.0
MnAsPt2,0.0
VBr3,0.0
Ce3W,0.0
Rb2CuH4Cl4O2,0.658
CoTc,0.0
Pr3Ga10Ni,0.0
PrAl8Fe4,0.0
Be2FeSb,0.0
NaAl11O17,4.66
Ba4OsPb,0.0
Ti6Al16Ni7,0.0
Sm2AsSe,0.0
UFeB4,0.0
Pa3Sn,0.0
Ca3NiN3,0.0
UPdPt4,0.0
Ge2MoO6,0.0
Pm2GaHg,0.0
TcAu,0.0
K3Sn4Au,0.375
Ca7ZrN6,1.27
Mo2P2O11,1.735
YbMgAg,0.0
ZnAsIr2,0.003
NaVH8N2F6,0.0
PaZnAu2,0.0
PrTlPd,0.0
HfFeO3,0.0
DySiPt,0.0
BaSc4Fe,0.0
In2Ge2O7,1.975
InBi,0.0
MnNiP2O8,0.258
ZrGa6Fe6,0.0
Tl2HgGeTe4,0.31
ScAsRu2,0.0
PaInPt2,0.0
CaPmHg2,0.0
BeZn2Ir,0.0
Li3PO4,6.343
LiPaO3,3.251
NaAcTl2,0.0
LiTlPd2,0.0
K2LiRuF6,0.0
MnNi2Sn,0.0
LaFePO,0.0
KTl3,0.0
PrCr,0.0
Lu6FeBi2,0.0
ZrAl6Fe6,0.0
NaZn2O3,0.0
LuMg2Mn3S8,0.0
RbPH,0.0
Er2CoGe2,0.0
Nb3SnH,0.0
Re2MoSe4,0.996
Li4BeRu,0.0
MgBeIr2,0.0
NaScO,0.0
YMn4Al8,0.0
Ti2ZnOs,0.0
VRu3C,0.0
BaHfMg2,0.0
Na3ScB2O6,3.88
Ba4NbHg,0.0
BaMg6Co,0.0
ErSnRu2,0.0
Rb3ScI6,2.351
YbN,0.0
Be2SnP,0.0
Mn2BeFe,0.0
CrGaFe2,0.0
PrFePO,0.0
Yb3B,0.0
CaAsP,0.0
Er2CoSi2,0.0
Li2ZrCuO4,0.0
Rb3ScBr6,3.241
Mn3V2Si3,0.0
SrMnBe,0.0
PBr3O,2.716
HoMn6Sn6,0.0
ScV5Si5,0.0
TlGeF2,0.0
RbMoCl2,0.0
Sr2H4Pd,1.821
Li3LaP2,0.502
AgBF5,0.0
TbInCo2,0.0
LiNbO2,1.58
Ba2Li3NbN4,2.436
TmGa3Os,0.0
SrSO2,0.0
YbAgSn,0.0
NaZr2AgF11,0.0
RbSmSe2,1.869
LaCuSb2,0.0
TiBr4O,0.0
ErHg,0.0
Ta2Si,0.0
CaHgO2,2.303
Li2CaAu2,0.0
Sr4GeN4,1.019
BaCu5,0.0
Nd2MgCu2,0.0
LiMgSbPd,0.0
La2C3,0.0
TbAgTe2,0.869
LiDySn2,0.0
Ti2BeFe,0.0
K2NaYBr6,4.121
Ni6SnSb,0.0
LiInTe2,1.354
BaH2CSNClO,4.908
CdSbI,0.0
BaLaTi4,0.0
CeSiRu,0.0
SrBe2Pb,0.0
Li2CaCoO4,0.294
CaFeGe2O6,0.0
NaMgTl2,0.0
ThH2,0.0
BaNi2P4,0.0
AlGaNi6,0.0
PPd3,0.0
SrMg2,0.0
ZrCr2,0.0
NdSi3Os,0.0
Tl2FeCl6,0.0
CoAg3C6N6,2.99
OsIr3,0.0
YbSr2TaO6,0.033
ScMn6Ge6,0.0
Ta3V7Si6,0.0
Be2TeSe,0.0
Mg3Tc,0.0
HoPd3S4,0.0
LiTm2Al,0.0
Na2Mn3Te4,0.0
BaNa2Tc,0.0
NpTe,0.0
Pm2CoNi,0.0
Na2TiN2,0.0
Li3AlCo2O6,1.062
Y3Cu4Sn4,0.0
HSeO2,0.0
YCdAu,0.0
Mo3Pt2N,0.0
CaFeF4,0.03
Nb2GaC,0.0
ErW3,0.0
Ge7Se,0.0
ScOs3,0.0
Ba2Dy2Co4O11,0.0
LaAc3,0.0
Ba4FeRh,0.0
SrUS2,0.0
InSnTe2,0.0
Lu2AlNi2,0.0
Cd2BiAsO6,1.97
Ba4GaSn3,0.0
Li7NbS6,2.274
CuNiSbS3,0.321
SmPaO4,2.691
USi2Cu2,0.0
BeCoCl4,0.0
Ce2In,0.0
Ba4TcPd,0.0
Ba2Mn2Se2OF2,0.0
TlBi,0.0
Ba3NiSb2O9,0.0
PPdS,0.903
TbCo2B2C,0.0
Cd4OF6,1.984
Pa3Ta,0.0
Zn9Fe4,0.0
Sc2NiPt,0.0
Mn2Fe3Co3O16,0.0
CaBi2Au6,0.0
TlTcIr2,0.0
Nd3HfSb5,0.0
RbSbBr2,0.0
PrMgIn,0.0
Ba2AgSe,0.0
KAlO3,0.0
Pr3S4,0.0
NaBe2Ir,0.0
LiCoH24C8N8O12,2.656
KBeSb,0.937
InSbS,0.0
Ca2Ni12As7,0.0
Eu2Mg,0.0
YSiAg,0.0
Sm2In8Pd,0.0
Ba4SiBr,0.0
CeTh,0.0
K2CeI6,0.844
ErPtF7,2.346
LaIr2,0.0
DySn3,0.0
LiIn,0.0
LaHg3,0.0
SrSm3,0.0
BSe,0.012
LiBeRe,0.0
Mg6NiC,0.0
ZrMoW,0.0
MnH10S2N4O8,2.13
KPt2S3,1.317
La2Zn6Ge3,0.0
Ba3NiIrRuO9,0.0
In2PO5,2.149
ErSiAg,0.0
Rb2NaVF6,0.0
LuScIr,0.0
K2RbAsCl6,3.41
CeCo2Ge2,0.0
Rb3HoV2O8,3.215
NdTi2,0.0
BeTc2Ni,0.0
DyB12,0.0
CaMgP2Se6,2.284
CaSnB2O6,3.979
ErH9C5N2O8,4.604
Mg3Mo,0.0
Ce4DyO9,0.0
Hg2I3Br,1.606
YbCdGe,0.0
Ba4TeRh,0.0
Ba4NaGe,0.0
AlTeO4,0.0
Y4CdIr,0.0
ScVO3,0.0
Li4Ti3Fe3Sn2O16,0.0
CaLa2Er,0.0
KNb2Cl11,1.958
In6TeO12,1.247
SrCaHg2,0.0
Hf5ScSi4,0.0
Li2MgZr2H4O4F12,1.458
Mn2InCo,0.0
Ba4YCo,0.0
SrBiPt,0.0
Li3FeOF3,0.077
LiMgHg2,0.0
Mn4FeO8,0.0
Tm2InAg,0.0
PmPbAu2,0.0
K2CuAuF6,0.0
SrIn4Ir,0.0
MgTeO2,0.0
ZrB4Mo,0.0
Rb3RhF6,2.164
CaEr2S4,1.529
Li4Cr3O8,0.0
BaAlCoCuO5,0.0
BaTc,0.0
CaBeIn2,0.0
NbSi,0.0
NaCrAs,0.0
AsIrPt2,0.0
MnNbP2O8,0.1855
TmCdPd2,0.0
Ba4MgV,0.0
V3O2F6,0.0
Hf6Co23,0.0
Ti2FeTc,0.0
Pr3NbCl6O4,2.927
AgOF2,0.0
LaZnNi2,0.0
Sr2HgPb,0.167
ScBeCo2,0.0
Ba2CuCN2O2,0.0
AlB11,1.424
Ca3Al2N4,2.542
BeP4Pb,0.0
TiBeZn2,0.0
BaZr4Ta,0.0
Ti2Si,0.0
YbIn2Ni,0.0
YTlS2,1.974
Tb2CoGe2,0.0025
ThSi2W2,0.0
LiBeIr4,0.0
Rb2NaMnF6,0.361
ReF6,0.0
Li2Br,0.0
BaB2Ru2,0.0
Tb2Si5Rh3,0.0
K2CoSe2,0.0
Li4Mn7O16,0.33
Co3C2Se2O10,0.0
Dy2PbS4,2.24
TiSiNi,0.0
KBa4W,0.0
Y2IrRh,0.0
ZnCuF4,0.921
YB6,0.0
MgAs4,0.84
Tm5Ni2Sb,0.0
NpMn2Ge2,0.0
Ba2InBiO6,0.0
TcNi,0.0
CuF,0.0105
BaYCrCuO5,0.0
Li2FeO2,0.0
Nd4CdPd,0.0
Fe7Ni5P4,0.0
Co3N,0.0
BaGe2Au2,0.0
AcSe3,0.0
Be2ReSe,0.0
HfBeCd,0.0
TmSi2Cu2,0.0
Ho5BiPt2,0.0
Rb2NdCuCl6,2.452
CeUN2,0.0
SnSO,0.0
Zn3Cu6As4S12,0.621
CeSmTl2,0.0
K2RbPdF5,2.242
CaBeBi2,0.0
Sm4Bi2O,0.0
VIn,0.0
K3ScI6,2.281
BeBiF3,1.052
Er2Re2Si2C,0.0
CeSi2Ag2,0.0
NbTc2As,0.0
BeCrSn2,0.0
MgAl2Sn2,0.0
Tm3GaC,0.0
PrIn,0.0
Rb2NaSbI6,2.033
LaCo2,0.0
BeCuSn,0.0
Dy2ZnRu,0.0
NaV2As,0.0
ScTc3,0.0
MgBeGa,0.0
Y6CoBi2,0.0
K2BeZn,0.0
TlCr3O8,0.411
NdSnPd,0.0
SiCu2Se3,0.299
SmV2BiO8,2.773
Ba4YPb,0.0
SrHfN2,0.362
CaSeO4,3.321
BaBi2Pd2,0.0
CaCo4Cu3O12,0.0
Ba4TlPb,0.0
YLuRu2,0.0
CaTiF4,1.134
SrTaN2,0.0
BaLi2Fe,0.0
Co3Ru,0.0
TbFeSi,0.0
K2NaCeI6,0.0
GaAs2,0.0
Yb2BaNiO5,0.0
Sr2PdPt,0.0
Zr2Al3,0.0
Ti2MnPt,0.0
TaPRh,0.0
Sb4Se3S3,0.927
Ce2Al6CuAu,0.0
HoSe2,0.0
CuP4Se4I,1.621
NdHo8,0.0
Lu2ZnAg,0.0
SmGeRu,0.0
NdMn12,0.0
NaAu2,0.0
LuHfRu2,0.0
Li3Mn3CrO8,0.0
SrN,0.0
CrRh3,0.0
Pr2ZnCd,0.0
UP2,0.0
Ba3GeO5,2.937
TaBr4O,0.0
Yb3Rb,0.0
H10C9O3,3.25
YbAlO3,0.0
YbMgCu4,0.0
CeMg2Si2,0.0
SrAs2Pd2,0.0
RbRuO3,0.0
MnAlN2,0.0
TaNbAl6,0.0
ErMoBrO4,1.88
YbAl3C3,0.0
YbZr,0.0
Cr8Co3NiS16,0.0
TiB,0.0
ThSi,0.0
BaHgS2,1.157
Sr2CoSe3O9,0.086
BeRu,0.0
Ba4MoPt,0.0
Al2Sn2O7,1.32
MgAlPO5,5.271
Ba3TaFe3Si2O14,0.796
K3GaI6,0.729
BeSiW2,0.0
CdPdF4,0.302
ErZrSb,0.0
TmTi2Ga4,0.0
RbCoCuF6,0.0
CaBi2C2O8,1.321
NaPrSe2O8,3.544
Li2CoO3,0.0
Ba2YV3O7,0.0
DyZnIn,0.0
SrCaSi4,0.0
RbBe,0.0
SrSnP,0.0
LiGaH4,4.746
SbPd3,0.0
Er3Tl5,0.0
Cu3Au,0.0
Ba3Y4O9,3.265
Li4VO4F,3.7855
SiB2Mo5,0.0
DyPO4,6.237
Pb3Au,0.0
PuPt3,0.0
LiHfPd2,0.0
Ti3GeC2,0.0
Sn2Pd2Au,0.0
CaBe2Fe,0.0
Ba4GeBr,0.0
Sr8Fe3N8,0.0
TbSi2Ir2,0.0
Sr2ScCoPO3,0.0
CaP2Rh2,0.0
K2NiP2,0.583
Ti2FeIr,0.0
CaSiPd,0.0
KBaSe,0.0
CaCeZn2,0.0
KMo6S8,0.0
LaBeCu2,0.0
NaIn2O3,0.0
Tm2Ga9Rh3,0.0
Li4CoNi3O8,0.0
K2Na4Co2O5,0.208
Be2CoTe,0.0
MoOsPb2O6,0.0
Nb3Te3As,0.0
HgAu2F8,1.723
Sr3HoRhO6,2.192
NaMgO3,0.0
MgInS3,0.0
RbIn2S2,0.0
CaFe2As2,0.0
Ag2S2O7,2.397
LiCa2As,0.0
SrH4N2,2.491
FeNi2O4,0.0
BaScPb2,0.0
Mn2TcIr,0.0
Na5InO4,1.937
ErRh3C,0.0
CuSe2O5,0.0
NaNd2RuO6,0.457
Sr3TaGa3Si2O14,4.034
Rb2ScAgCl6,3.067
TcBr4,0.331
NaLa2In,0.0
U2AuF11,0.0
SnMo,0.0
AlP3,0.0
CSCl,0.0
Ba4SnRh,0.0
Sb2S3O12,4.165
Sn2GeTe3,0.532
Sc4Co3Sb4,0.0
SmCdNi4,0.0
Ba4NiCl,0.0
Be2ZnPb,0.0
In3NO3,0.225
YAgS2,1.7
Sc2CdSe4,0.45
RbBaSiHO4,4.107
TaZnRh2,0.0
Zr3GeO8,4.143
BeNiRu2,0.0
DyGaCo,0.0
BeSiBi2,0.0
LiV2NiO6,0.019
W3O,0.0
YbFe4Sb12,0.0
Li2LaO3,0.0
AlPb3,0.0
BeNbTl2,0.0
LuRhO3,0.0
ZrNO,0.009
InSb3,0.0
Sm2Ta3S2O8,0.0
YbAc3,0.0
Na3LiP2O7,5.295
NbCr3,0.0
HoSO,1.353
Pd3I,0.0
Al3Mo,0.0
HfMg6Fe,0.0
SiSnPd5,0.0
YbInHg2,0.0
PrSb,0.0
BaSi3SnO9,3.929
Ba4BiSb,0.0
Mn2GeW,0.0
LaNdN2,0.083
ZrV2Ga4,0.0
CaCoSi2O6,0.0
TbTh,0.0
CaLaGaO4,3.511
LiSbAu2,0.0
TaSiRh,0.0
AcCu3,0.0
Bi2Pb2Se5,0.493
YSi3Ni,0.0
Ti2TcRu,0.0
Ti3Mn2Cr3O16,0.0
Ti2ZnRe,0.0
Na2AgRhF6,1.395
PaBr4,0.0
Ba4Tm2Cu6O13,0.0
HoAs3,0.0
RbYO2,3.793
Ti3Sb,0.0
Na3BP2,1.971
SrZnPb,0.0
YbNd,0.0
SmTlSe2,1.226
LaSi2Ru3,0.0
BeCr2Cu,0.0
KNa2BN2,2.21
HoEr,0.0
SbTe,0.042
LaCePd6,0.0
LiMoP2O8,0.0
TiMo,0.0
SrBe2Zn,0.0
Ca2TlZn,0.0
Rb2LiSbI6,1.73
Sc2Si2O7,4.325
Ho6CoBi2,0.0
InO7,0.0
Li3V3O8,0.072
HoSn3,0.0
RbYTe2,1.381
Ho2AgOs,0.0
AlSnO3,0.0
CuSi2P3,0.0
Ac3Be,0.0
YbTlW2O8,0.0
YTi2Ge2,0.0
UCo2Ge2,0.0
BeOsRu2,0.0
Sr4Ti3O10,1.843
Mn2CrNi,0.0
YbYMg2,0.0
Ba4SrRh,0.0
CaTaO3,0.0
Sr4PtO6,2.218
LiNdO2,3.865
MgMnPt2,0.0
Ba2MnTl,0.0
UPS,0.0
LiAl2Tc,0.0
HfTl3,0.0
LiSm2Al,0.0
DyFe2SiC,0.0
SbPb3,0.0
YMgIn,0.0
HPd,0.0
FeAs2O7,0.0315
SmHo3Ni4,0.0
Li3Fe3CuO8,0.0
TaBe2Cd,0.0
Mn2VSi,0.0
Ta2MnOs,0.0
CaTe3,0.0
Sm2AgIr,0.0
Ce2CN3Cl,0.0
Li6MnFe2O6,0.0
Sm2SnS5,0.0
Ca3Fe3N5,0.0
PrSI,2.081
DySi2Ru2,0.0
BaSi2Pd,0.0
MgBeCu4,0.0
SbPbO2,0.0
RbLi7Si2O8,5.219
Ba2Hf7O16,4.146
Li3MnO2F,1.1815
CaPmMg2,0.0
Ta2NbTeI7,0.471
Np2S3,0.0
ErAlCu,0.0
K2MgC2O6,4.17
CrBi,0.0
Cu2AsClO4,0.0
CrCdO4,2.037
SrAg3,0.0
HoCdHg2,0.0
Sm2Au2O5,0.0
Y2CdAu,0.0
La2Au,0.0
InFe2O4,0.0
HIr3,0.0
BaNiGe2,0.0
Mn5Ge3,0.0
Ba2PrIrO6,0.0
KNbAg2Se4,1.39
YPb2,0.0
Ca3Pd2,0.0
ScBeCr,0.0
Ba2ScAlO5,1.811
LaYCo8B2,0.0
KMnAg2O4,0.073
Er2Ti3Si4,0.0
TlSiPt5,0.0
Ba2UCu2S5,0.012
La5Zn2Sn,0.0
UCu4Ag,0.0
Er2Be2GeO7,4.587
Th2SeN2,1.676
DyPaTc2,0.0
ZnSbF6,0.0
HfMnGe,0.0
Ba4TaSi,0.0
LiTi2BiO6,2.65
Zr2NiP2,0.0
NaAsS,0.0
MgTiH4,0.0
Pt3O4,0.0
CeCoCuSi2,0.0
Fe4O5F3,0.0
KSiSbO5,2.86
TmTc2W,0.0
NaCdPd2,0.0
Ce2BiN,0.0
Yb2FeSbO7,0.0
AlMo3F15,0.604
DyB2Mo2,0.0
EuC2,0.0
SmAlAg2,0.0
Lu5Pt3,0.0
Nd2Zn5Sn,0.0
Ag2PdAu,0.0
Li4MnOF4,1.312
HfNb,0.0
ScBe2Ir2,0.0
Y3CuGeSe7,1.1
Na3Nd,0.0
Tl2Co3NiSe4,0.0
K2LiBO3,4.135
Sm3Os,0.0
LiGaNi2,0.0
Pr2GaCu,0.0
Ba2TiRe,0.0
InPPd5,0.0
ZrRe2,0.0
PrFe2Si2,0.0
Nd3NbCl3O6,0.0
K2Al2Si3O10,4.808
Sc3Tc,0.0
Tm12Fe2Pb3,0.0
Sr3NbCoO7,0.0
Ba2BP2O8,0.0
P2I,0.0
Li2SmTl,0.0
BeCoOs,0.0
Cu3AsSe4,0.0
K3NaH4,2.297
BeCd4In,0.0
MgFe,0.0
SrZn2Pd2,0.0
SrAsF2,0.0
ZrTaTe4,0.0
URu3,0.0
MnH2S2O8,2.426
K2ReF6,1.468
ZrBeNb,0.0
ZrTi2,0.0
ScSi2Ni2,0.0
Rb2U3I4O20,2.122
MnCu2PbS4,0.0
Cr12BP3,0.0
Sr3Al2P4,1.341
Li4V2Ni3Sn3O16,0.127
TiPt3,0.0
CrI3,0.0
FeTc2Cl,0.0
Mn3As2,0.0
Ca4GaSn3,0.0
Na2Cl,0.0
Ba2YMn3O7,0.0
Na2TlHgF6,0.0
TmH9C5N2O8,4.569
Mg2Ta2FeO8,0.0
ErB2Rh2C,0.0
SrSi3Au,0.0
FeNi3,0.0
BaPbCl2,0.0
BeGe2Pt,0.0
Er4Ge6Rh7,0.0
Ge3Ru2,0.409
MgGaCu3Se4,0.0
CaZnSO,2.888
Bi2Pd3Se2,0.0
Th3Ni,0.0
Nd3Pt2,0.0
Rb2NaInF6,5.587
Dy2Si4Mo3,0.0
LiBe2Au,0.0
LiMoN2,0.0
K4P2O7,3.768
PaMn2Al,0.0
Er2Fe4Si9,0.0
Li2CaMg,0.0
NdSm3Sb3,0.0
BeCrCu,0.0
H9C7,4.154
Zn2CuIr,0.0
HfZrNb2,0.0
ErFe4Cu3O12,0.0
Ga2Mo2Ru3,0.0
Ti5TlSe8,0.0
BaHoCo2O6,0.0
ScNi3,0.0
K6MnSe4,1.226
SrLa2Mn3O9,0.0
VRe2O9,0.432
KBa2V2ClO7,3.134
Mg5Sb,0.0
Li3CrN2,0.0
Cu3AsS4,0.0
Nb3Cr3N,0.0
Li2CeP2,0.843
CoSI,0.0
NdMgCd2,0.0
Sc2TcPt,0.0
Pr4MgIr,0.0
ZrAgF2,0.0
HPbCl2,0.341
YGe2Rh2,0.0
RbNi2F6,0.0
Re3P4,0.0
YbB4Ru,0.0
Pm2CuPt,0.0
MnCu2SnS4,0.0
SnBi5,0.0
LaNdAl4,0.0
UBi2,0.0
SrPPt,0.0
CeMgSn,0.0
K5Te3,0.0
Sr2YTlCr2O7,0.0
ScBeRh,0.0
HoNiSn4,0.0
YAlAu,0.0
MgPH13O9,5.92
B3N,0.277
RbCo2As2,0.0
BaCrF2,0.0
Sr3Sm,0.0
Zr4Ni2O,0.0
TmFeB4,0.0
Np2InRh2,0.0
NaMgSb,1.172
NbS,0.0
LiDy2In,0.0
Na2Zn3GeAs4,0.0
Ba2InIrO6,0.0
SrCdBi2,0.0
MnFe3P4O16,0.1375
AlBiSe2,0.0
TlCl4O,0.0
KMoO3,0.0
CrGa2N3,0.0
Zn3Fe8CoO16,0.0
Ba5Er2ZrAl2O13,2.372
LiNi5O3F5,0.181
HfTa2N3,0.0
BaNaSr2,0.0
Sr5Ru2N6,0.0
Mg2TaNb2O8,0.16
ScSi2Cu2,0.0
MnZn4Se5,0.527
SrBe2Te,0.0
BeTl2V,0.0
BeVFe2,0.0
TbCaHg2,0.0
CrNi2Hg,0.0
NiHCl,0.0
K2PrCuI6,1.936
YGaRh2,0.0
Lu3AlN,0.0
IrN3,0.0
LiSnN,1.071
InPbCl,0.0
LiCoF,0.0
Dy3Pt,0.0
Zn4P6N12O,3.05
NiIr,0.0
CaWO3,0.0
Nd2Al3Ga,0.0
Sr2SiO4,4.971
Rb3Tl,0.0
BePRh,0.0
TlBiPbS3,0.245
CdSbBr,0.0
TmUTe4,0.0
HfNiGe,0.0
YC2,0.0
SmSn7,0.0
PrAu3,0.0
PmSbRh2,0.0
Zr7N4O8,2.677
Nd2CdAu2,0.0
CuSiIr2,0.0
KBaMg6,0.0
P3N,0.702
TmNiB4,0.0
HfGa5Co,0.0
YIn2Rh,0.0
DyIn3Cu2,0.0
MoPt2,0.0
Rb2NaCrF6,2.14
Er2NiAs2,0.0
SrHg2,0.0
RbU2SbS8,0.0
Rb2PaF7,4.075
HoZn2Hg,0.0
K4BeRh,0.0
PrRu2,0.0
BeReSi,0.0
Ce6Mg23Sn,0.0
Ba2SiO4,4.833
SmDyNi2,0.0
Ba3Li4As4,0.004
AsI5,0.0
Ba2TlCuO5,0.0
CuSnPd2,0.0
NbFe,0.0
Nb2TcRu,0.0
ThC2,0.0
ThSiNi,0.0
VPbClO3,2.0005
BaInSb,0.424
CuAuSe4,0.0
BaPb2C2O6F2,4.233
Cr3CdTe4,0.0
Na2N2O3,0.551
NdSmO2,0.0
Bi2F,0.0
KLi2BO3,4.504
CuH3,1.254
HoInAu2,0.0
Ba4InPd,0.0
YbLaAl4,0.0
PbC2O4,2.856
DyGePd,0.0
Ca3Ce,0.0
Li2YSn2,0.0
MnNb3Se6,0.0
KF2,1.325
Li5Ti2Fe3O10,0.116
Bi4Se3,0.0
BeVOs2,0.0
SrInPt,0.0
DyErRu2,0.0
Ca2AgWO6,0.0
CuBr3,0.0
Yb4Ge3Au5,0.0
NaSm,0.0
Rb4CuSi2O7,1.256
CoC2N,0.0
CrSbO4,0.010625
YbRbW2O8,0.0
Zr6CoAs2,0.0
Yb5Al2Sb6,0.0
Hf2Ag3F14,0.234
Th2Tl,0.0
Na5SrTaP4,1.385
Y2Pt,0.0
Be2CoNi,0.0
CeScAl4,0.0
Ce2Au,0.0
CdInS,0.0
NdMo6Se8,0.0
MgTiRh2,0.0
TlV2Cr3S8,0.0
ZrH2,0.0
BaCaO2,2.139
BClO3,1.76
Ba4TiSb,0.0
YbAsO4,0.0
BeVCo4,0.0
Tl2CrBr6,0.0
Li3V2C4O12,0.046
ZrReAs,0.0
Nd2MgGe2,0.0
CrI2,0.0
U8TiS17,0.0
Yb2Al2O5,2.63
HfMnSi,0.0
SbPbClO2,2.087
ZrSn3,0.0
Fe3Pb4BrO8,0.0
NaGeF,0.0
MnV4O12,1.114
Tl2Bi2Te3Se,0.0
NdSbTe,0.0
Er6MnBi2,0.0
K2InSbBr6,0.141
BeInGa4,0.0
HoLuIr2,0.0
YTl2Rh,0.0
Rb2RuO4,0.489
BeZn2Ru,0.0
Sm2ZnRu,0.0
BaPr2FeS5,0.0
BeCdPd2,0.0
NaAlAs2O7,2.745
YHfPd2,0.0
Si6NiMo9,0.0
Sr2TaGaO6,4.122
Fe3PbS2O14,0.0
ZrBeCl2,0.0
RbNaCl2,4.342
PrIn2Rh,0.0
U3Cl,0.0
Li3Mn3O8,0.0
ZrBeRh2,0.0
Bi2TeI,0.011
Yb3Fe,0.0
Tl2RhI6,0.0
ZrCdCu2,0.0
Hg3AsS4Br,1.371
AgSbSeS,0.0
MgO7,0.0
CeOF,0.00275
SrPF2,0.0
SrNCl,0.0
SrAl2Ge2,0.0
Mn2NiPt,0.0
ZnH6C2N4O4,4.962
Ba2NdNbCu2O8,0.0
KLi3,0.0
BaSnP2O8,3.785
Ba2YCl7,4.04
SiHg3S2F6,2.82
ErNiSn4,0.0
NaI3,1.055
Mg3CO4,0.261
Sr2BeMo,0.0
Pr3Rh2,0.0
Sr3As4,0.575
SrGa2Co,0.0
YbInAu,0.0
LiY2In,0.0
NaO2,0.0
YbSi2Ni,0.0
YbMg,0.0
K3AlCl6,4.819
Tb8Nb,0.0
PrS,0.0
Na6MnCl8,2.395
KNiAu3C6N6,1.3383333333333336
Ba3PrIrRuO9,0.0
HfGeSe,0.0
Sb4Te3Se3,0.187
Sr3CaIrO6,0.0
Rb2SbCl6,0.0
Na3MnPCO7,2.12
TiV2Se4,0.0
K17Fe5O16,0.516
InIr3,0.0
DyAlSi,0.0
Ca4Tl2CO9,1.33
RbBaO,0.0
Rb3Ho,0.0
YbSmZn2,0.0
HfCd,0.0
Li3CrSiO5,1.788
Tb5Si3,0.0
SrZrZn,0.0
Li8Hg,0.0
KMn6P7O24,1.793
TaZnAs,0.0
BaMn2FeSi2O9,0.0
MgVF3,0.0
Li3Co4O8,0.0
K2TaNbO6,1.747
Nb3S4,0.0
CaBiAu,0.0
LaCoTe,0.664
K2BeTc,0.0
VClO,0.0
U3TiSn5,0.0
ZrCdAu2,0.0
ZnCrF5,1.17
ScSn7,0.0
ErPb3,0.0
LaNi4Pt,0.0
Tm2Se3,1.263
Ac3Sc,0.0
BaNiCl2,0.0
SrNiO3,0.0
Tm2PdRu,0.0
CuC,0.624
HgP2Se,0.0
TbFe4P12,0.0
Na3In2P3O12,3.533
Cu4S3N,0.0
La4Rh3,0.0
Hf2BeZn,0.0
Er4MgNi,0.0
PrBeO3,0.0
Ta2MoIr,0.0
TlAgBr3,0.0
Ba4CuRu,0.0
K2CdC4N4,6.026
GaNi3,0.0
PrZnFe2O6,0.0
YbSi2Rh2,0.0
Pr2Tl,0.0
MnN2Cl6,0.0
Na2MnBAsO7,0.888
Cr2SeS,0.0
Tb2FeSi2,0.0
YbInAu2,0.0
LiSbO,0.0
SmCuO3,0.0
BaDyO3,0.0
KCuCl3,0.0
La2GeAu,0.0
TiH6C4O4,1.456
BaIn2Te,0.0
CdIBr,2.055
Mg2In,0.0
KBaV4,0.0
Mn2Au,0.0
Yb5Pt3,0.0
BaLaCo2O6,0.0
Na10SrSn12,0.776
Na2LiTa,0.0
ErTa3,0.0
Sc2GaCu,0.0
Rb2PrAgBr6,2.993
Ca2ScNbO6,3.149
CaYBe2,0.0
BaAsN2,0.0
Li3Th,0.0
HoFeRu,0.0
PmSmMg2,0.0
VGeRu2,0.0
ZrNiPb,0.357
NaTiVS4,0.0
PrZnPd,0.0
Pm2GaPb,0.0
BaCrTe,0.0
SrNb6O16,1.724
YbSi2Os2,0.0
In2AgSe4,0.0
TiBeTe,0.0
K2CuO2,0.0
Te2W2SeS,0.17425
PbF3,1.885
Nd2NCl3,3.369
BeCo4Se,0.0
PrNi2As2,0.0
HoSnRh,0.0
KClO4,5.414
BaSr2Ga,0.0
Bi4RuI2,0.415
BaCd2Ge2,0.0
Fe2GeO4,0.0
Sr3CoRuO7,0.0
K2Fe4O7,0.0
Pm2CdGe,0.0
MgTeCl6O6,0.048
NaMg6W,0.0
Li7Sn3,0.0
NbBW,0.0
MgMnTe4,0.0
BaMgTe2,0.424
Ta3Rh,0.0
BaLi2Pt2,0.0
TiFeAs,0.0
LiPbO2,0.0
Sm2TlCu,0.0
YbPmPd2,0.0
Li2MnCu3O8,0.0
Tm2AlRu,0.0
CdIn2Te4,0.715
YCI,0.0
BeGa4Te,0.0
Dy8Nb,0.0
CdOs,0.0
Zr2HN2Cl2,0.0
In3Pt5,0.0
K3BiO3,2.974
NaNi5O6,0.0
NaInO2,2.154
ThSi2Mo2,0.0
K2HgSbI6,0.0
MgAg2P2S6,2.421
Sr6GaN5,0.337
NaYBe2,0.0
TcCl3,0.041
K2YAgI6,2.71
VNiAs,0.0
BeZnS2,2.934
Tl2VBr6,0.0
MnSb2F12,1.43
TiCo2Sn,0.0
Ho2ZnIr,0.0
PrBPt4,0.0
Na3PaF8,4.625
SrGaSi,0.0
Li5V4O8,0.0
ZrAlCo4,0.0
V3Si,0.0
NpNi2,0.0
Na3SbSe3,1.935
BaSrHg2,0.0
MgCoF3,0.0
Ta7B8Ru6,0.0
Mn2BeGa,0.0
Ti3Te2Se2,0.0
Dy2MgGa,0.0
Nb2O3,0.0
TaI,0.0
SmTh4O10,0.0
SmNiBi,0.248
Pu2Pt,0.0
SmPPd,0.0
BeCoIr2,0.0
CrGeRu2,0.0
Pm2SiPd,0.0
Eu2PBr,0.0
CdAg2SnS4,0.038
BeGaRe2,0.0
Nd2FeSi2Ru,0.0
Li5Mn3P4O16,0.0
Tm2AlGe3,0.0
Tb8Pm,0.0
Sr2Hf7O16,4.52
Ta3AlCo8,0.0
YbIn2Au,0.0
FeCoB2,0.0
HfGaAu,0.0
Na2AlHgCl6,0.0
Ba4ZrRu3O12,0.0
Ta3SiNi8,0.0
PClO2,0.898
Cu3Pd2,0.0
Na2AgRuF6,0.0
AsO,0.0
Li4UF8,0.37
Sr2CdAg,0.0
YMo6Se8,0.0
Li4FeNi3P4O16,0.0
LiMnCo3O8,0.0
TaBe12,0.0
YAgO3,0.0
Rb2NaPrI6,3.052
BeMoCl,0.0
Rb2LiPrCl6,4.769
MgH2SO5,5.992
MgCr2O6,0.0
ZnBi2O5,0.289
Sr2VO4,0.0
NaMoF6,0.0
BeGeB,0.0
TbAlO3,5.696
LiBiPd2,0.0
Yb3CaMn4O12,0.527
PrTlAg2,0.0
Cu2HgTeSe4,0.262
BeNiBi2,0.0
Be2CdPd,0.0
Sr2YTlCu2O7,0.0
DyIn5Co,0.0
TlCo2Se2,0.0
SrAl9Co2,0.0
Tm2ZnRu,0.0
LaAlGe,0.0
BaCr2Cd,0.0
YPu3,0.0
Er5Ga2As,0.0
SrBiO,0.0
Er3Re,0.0
MnGeN2,0.373
CaCo4O8,0.168
VClO2,0.0
Be2VFe,0.0
MnCoSn,0.0
LiY2Hg,0.0
Tm3InC,0.0
CaBePb,0.0
LiSiBO4,6.789
Y2Ru2O7,0.0
Ba4HfSe,0.0
ScBeCr2,0.0
TaSi4Mo,0.0
TmCuS2,1.796
TbRb2F6,0.0
BeFeMo2,0.0
La2YSc,0.0
TbErO3,4.774
Er3TlC,0.0
Ti2TcOs,0.0
CeDyZn2,0.0
TiTc2Sb,0.0
Pr3N,0.0
V7O3,0.0
LaInRh,0.0
ZrAl2Au2,0.0
Be2PPb,0.0
K2RbPrF6,5.26
Hf2OsPd,0.0
Ba2CuN2,0.0
ErNiC2,0.0
Ca4P2O,1.269
K2Bi8Se13,0.951
ScTlMo2O8,3.574
BeSi2Cl,0.0
Li6MnF8,0.0
Pr2Co3Ge5,0.0
DyCoGe,0.0
LiTi2Ir,0.0
LiBeGe,0.0
NdDyTl2,0.0
Li3MnN2,0.031
BaB2S4,2.673
HfS,0.0
Tb2Ga3Fe14C2,0.0
HoCdAg2,0.0
Ga2Ge4Pb3O14,2.352
Ce3Sb4Pt3,0.277
SrWO4,4.329
Sr2CuO2F2,0.0
Er3Al2Ni6,0.0
SrLaB12,0.0
RbSc5Te8,0.348
Yb3As,0.0
Li2TiMnO4,0.0
YAg,0.0
Tm2Ga8Fe,0.0
KMg6Ga,0.0
MnGaO4,0.0
DyY3,0.0
K3BiI6,2.566
YAlO4,0.0
MnTe2,0.0
CaVF5,0.0
AlI,0.242
HoAlSi,0.0
BiMoRh,0.0
TbNaSi2O6,4.206
Na3Ca3AlSb4,0.471
Li3Ti2Fe3O10,0.0
Ca3Er2Sn3S12,0.71
IrPb3,0.0
KV5Se8,0.0
CaVN,0.0
SrBiPd,0.0
CaPtO2,0.0
MgPSe,0.0
NdHo3S6,1.024
Th4AgPd,0.0
UBiO5,0.0
RbOsNO3,2.766
SrAl2P2,0.0
Mg2Ti3AlS8,0.0
Zn3Rh,0.0
Y2Mn3Fe,0.0
SbPbF7,3.652
Li5Mn7O12,0.0
HfRe2,0.0
BeTcPb4,0.0
CoW3,0.0
ZnBO,0.0
Tl5Se2Br,0.383
GaSnRu2,0.0
Pr2MgHg,0.0
Ba4Pd3BrO6,0.0
Mg6ZrC,0.0
HfBeTe,0.0
OsPtCl2,0.0
Nb2SnC,0.0
PmHgAu2,0.0
Y6NiI10,0.443
SmHg,0.0
TiFeGe,0.0
WF5,3.002
HoThTc2,0.0
SmCoSi2,0.0
LiSi2Rh2,0.0
Ac2CuRu,0.0
CaCu3Sn4O12,0.727
U3Si2C2,0.0
ZrBe2Ga,0.0
CdAsP,0.364
BePbCl2,0.0
NpRh3,0.0
Ho2CuGe6,0.0
Na2MnO4,0.0
Nb2FeTc,0.0
Bi2B2O7,0.33
ZrNiH,0.0
MgI3,0.0
Na3SbS3,2.35
TaAl4Ni15,0.0
Ga2Ag2Se3S,0.452
BaZnAg4O8,0.0
Rb2HBrO,3.606
Al2OsRh,0.0
Li3Nb4FeO12,0.0
PuB4Mo,0.0
LiPr2Rh,0.0
LiV2F6,0.0
TiVW,0.0
HPbI2,0.442
HfMg16Al12,0.0
Ho2CoSi2,0.0
ScGa6Fe6,0.0
HfAs,0.0
AcCeMg2,0.0
BaMgTi4O8,0.0
NdIr3,0.0
DyZnRh,0.0
CeB6,0.0
NdAu3,0.0
Hf2SiMo3,0.0
Pa3Mo,0.0
Pu7Tl,0.0
LaNiGe2,0.0
Na5GaGe2,0.011
Be2N,0.0
Ba4TaBi,0.0
Ba2P7Cl,1.362
H8C14S2O,1.534
Fe10O9F11,0.0
TlPd3,0.0
RbNaS,2.544
Lu2Fe4Si9,0.0
Be2SnBi,0.0
Na2Fe3SbO8,0.0
Sm6GaCo2,0.0
K2TlAsCl6,1.367
Li2GePt,0.0
Cr2Ni3B6,0.0
SrHg2Bi,0.0
Lu2Ga8Co,0.0
CaThP2O8,4.773
Pm3V,0.0
SiBAu,0.0
Sr2BrF3,5.355
Ba4TiGa,0.0
K4ZrBe,0.0
Na2MgSn,0.079
Rb6Br4O,1.628
LiNd2Rh,0.0
Ba4NbPt,0.0
Ba3Li,0.0
BeCrIr2,0.0
VSnRh,0.496
Zr6Sb2Pt,0.0
CeSi2Rh3,0.0
H6C3N4O3,4.266
Cu2GeS4,0.0
HfBePd2,0.0
LiLaTi2O6,1.795
Er2In8Co,0.0
NpP3,0.0
Tm2CdIn,0.0
USi2,0.0
HoSbIr,0.0
TmRh2,0.0
VSnPd,0.0
ThSi3Ir,0.0
CeHoZn2,0.0
K4V2O9,0.633
Rb2BaS,0.0
Li2VO3F,2.360333333333333
LaPmGe,0.0
KSmPdO3,0.713
Al3CrO6,1.904
CeH2,0.0
Li4Ti3V5O16,0.0
Nb3Tl2Cl9,0.977
Na2RuAuF6,0.0
IrO7,0.0
TiAlNi2,0.0
CaCdPb,0.0
Pr4FeS7,0.0
CaY,0.0
LaNdCo10,0.0
PrBrCl2,3.932
CdCo2N2,0.0
ZrZnO4,0.0
Co3Mo3N,0.0
Si3P2Pt,0.589
NaCu2Ge2,0.0
Mn28H,0.0
LiTi4VO8,0.0
RbScF4,5.749
AlCN2,0.0
BeCd2Si,0.0
FeWO4,0.0
MgBe13,0.0
Li5BiO5,1.3925
BeGaCu4,0.0
V2Zn3O7,0.0
SmSbTe,0.0
TiInPt2,0.0
U2Ga9Ir3,0.0
TbGe2Rh2,0.0
Li2ZnGe,0.0062
BaCaBi4O8,1.04
CuC4O4,0.0
Er2PdAu,0.0
Ba4NaFe10As10,0.0
KAg2PO4,0.915
VCoSb,0.0
K4Sr2SnAs4,0.467
Hg3Se4O5,1.708
MgZn2As2O8,2.843
K6Cr2O9,0.0
TbErHg2,0.0
TbRh3,0.0
Mg6BiW,0.0
Sm3I,0.0
PuS2,0.0
HoMgAu2,0.0
TbBa2BiO6,1.871
HoCl3,3.253
BaBiBr,0.0
NbSiTc2,0.0
LuCdPt2,0.0
Y2P7Rh12,0.0
UGa5Ni,0.0
Cu2NiO4,0.0
Ho2Cr2C3,0.0
Ba2PrPtO6,0.0
Cr3InO8,0.0
AsRh3,0.0
NaInHg2,0.0
Li2ZnCu3,0.0
NaNiO2,0.0
K2TcF6,1.602
Rb2NaTlBr6,0.723
Ba4ZrMo,0.0
ErCd3,0.0
LuNiSn,0.0
Zr2Si,0.0
Li4NiB2O6,0.638
YbBi3,0.0
CrSi2O6,0.0
Na3YBr6,4.274
MnAlO4,0.0
ErMgTl,0.0
Fe2Cu6SnS8,0.0
Li2Ni4OF8,0.525
MgPb,0.0
CaMn4Al8,0.0
HfSn,0.0
Be2NbGa,0.0
YbCd2Sb2,0.038
InGa2Ge2,0.0
GeP3,0.0
CaHf8N8O4,0.195
DyInCu4,0.0
TaI4,0.445
CaFe2Si2,0.0
ErLuZn2,0.0
Sr2Cu3Cl2O4,0.0
CuO2,0.0
SiH12C2N6F6,5.07
Ho3Co2Ge4,0.0
Rb4CdBr6,3.212
Ba3Y2N4,0.738
Be2InIr,0.0
NdCuSe2,0.812
NaV4Cd3O12,0.0
Sm2Ga9Ir3,0.0
SrSi2Pd2,0.0
K2RbScBr6,3.237
LiAc2Ru,0.0
Sr2CuO3,0.0
HfBe2Sn,0.0
NiC,0.0
CaInPt,0.0
RbHfCu3Se4,0.947
Fe3P2H8O12,0.111
LiAlFeO3,0.312
TmH3,0.0
TeMo,0.0
CeInCu2,0.0
Be4CoGe,0.0
RbNdW2O8,3.589
CaCu2Ge2,0.0
KSc2F7,5.763
ScPPt,0.0
Li6FeO4F2,1.1345
Na3B2PO5F4,5.619
Tl6Si2O7,1.392
Nb3Bi,0.0
SmTmMg2,0.0
AgN2,0.0
TmFe2SiC,0.0
TaNF,0.0
LuCr2Si2,0.0
Nb2TcMo,0.0
BiSBr,1.945
Rh3S4,0.0
PrFeCo4,0.0
KTaO3,2.228
CrFe2Te4,0.0
Au3Se,0.0
RbSbBr,0.0
OsAu3,0.0
BaP,0.0026666666666666
Be2VTe,0.0
LuHfRh2,0.0
CeGeBi2,0.0
SrSmMn2O6,0.0
CeLu,0.0
CaTl3,0.0
Er2GeRh3,0.0
BeCoBi,0.0
Li7CoOF7,0.126
PaAl3,0.0
MgPH2,0.0
Rb2Nb3Br9,1.042
BaMn2Sn2,0.0
Mg6NiW,0.0
K2SbPO6,2.631
CeHo3,0.0
VC3,0.0
K2ZrB2O6,3.575
Ho3Bi,0.0
ErTm3,0.0
Ce2CoSi3,0.0
Pr2AlFe16,0.0
CdCu2Rh,0.0
SbF4,2.438
YbCeRh2,0.0
CaRe2Si,0.0
Ca7PbN6,1.076
Pu7Ga,0.0
HfMnBe2,0.0
LiMgCd2,0.0
TbMnGa,0.0
ZrCu3,0.0
Er5SbAu2,0.0
Hf2NiP,0.0
CeAs2Ir2,0.0
LiIn2Ir,0.0
Ho5Ge3C,0.0
LiFeCo2O6,0.0
La2CdIr,0.0
Li4V5Cr3O16,0.0
Yb3Pd,0.0
TiInRh2,0.0
Ru2SeS3,0.405
CuPdO2,0.0
BaH2O4,3.083
HfNb4CN4,0.0
K2RbPt,0.0
NpCo3,0.0
Ta2MnAs,0.0
MoClO2,0.0
BRh2,0.0
TbYbPd2,0.0
PrGaCo,0.0
DyTiSi,0.0
Be2CrGe,0.0
TiInCo2,0.0
K4Co7O14,0.0
LiNiSnO4,0.0
As3O,0.0
CaCN,0.0
ClO7,0.0
K2NaAlCl6,4.302
Ta3FeS6,0.0
Be2NbPb,0.0
La2AlZn,0.0
NaBeMo4,0.0
MnAg2GeTe4,0.0
CuBi12Ir3,0.0
K6Na3AlSb4,0.8245
BeWCl2,0.0
Be2B,0.0
BaInS2,0.0
NbVCo,0.0
K3Os,0.0
UCuSb2,0.0
Tl3IrN6O12,0.004
Rb2Li14Pb3O14,2.001
MgBe2Co,0.0
SbH3C2O4F6,3.29
NaLi2PO4,5.619
BeGaCl4,0.0
U3Cu3Sb4,0.0
NdAgPb,0.0
TbAlCu4,0.0
Fe3OF5,0.0
Ti8C5,0.0
BeSbPb,0.0
CaC6,0.0
NbH,0.0
Be2IrPt,0.0
Dy3Pd4,0.0
Ce2Si7,0.0
Hf2MoRh,0.0
Pr2CoCu,0.0
TbDyAl4,0.0
Ba2Mg3F10,7.474
NiGe3,0.0
Ca2BrN,2.393
TbAu,0.0
YbGaCu4,0.0
CoTe2Pd2,0.0
CaAg2,0.0
Mg2TiF,0.0
Mg2Ag,0.0
Mg2CoWO6,0.0
UGeRh,0.0
AcAgGe,0.0
CoSiH12O6F6,0.0
VBO3,0.0
Si3Ag,0.0
H5NF2,7.188
SmNi2P2,0.0
TlAg2AsO4,1.753
Pr2ZnIn,0.0
Mg2IrAu,0.0
CaAuF3,0.308
HgIr3,0.0
MgN2,0.0
Ti2TcPt,0.0
SbSN2,0.0
TaZnCo2,0.0
Sm2ScNbO7,2.406
Zn2IN,1.648
CrInNiS4,0.0
Sr2Mn3Sb2O2,0.0
NbCu3,0.0
Sr2ReNiO6,0.0
Sr4In2N,0.0
LaMg6Mo,0.0
Pa3F,0.0
Ba4GaP,0.0
YFe2,0.0
CSF2,0.0
Sr3ZnPtO6,2.648
Ba4YSi,0.0
ScCuSi,0.0
Li2Nd2Si3,0.0
CaCuSb,0.0
BaSeBr,0.0
YbCu5,0.0
NaBeCo4,0.0
KBePt2,0.0
InGaP2,0.423
CaPdO2,0.178
Na3Mg,0.0
ScTi,0.0
BeNiSe,0.0
Zr2V6Sb9,0.0
Ba2MgB2O6,4.918
CuO,0.0
Y7Rh3,0.0
Rb2CuAsF6,1.142
Ba2AlFe3O7,0.0
Rb2AuSe,0.0
Na3MnF6,0.436
Cr23C6,0.0
Rb2CuPdF6,0.0
PaS31,0.191
DyMg2As2,0.0
Ba2Pd2O5,0.0
PmNi2Sn,0.0
RbTaGe,0.0
MoW3Se8,1.076
PrCl2,0.0
LiAl2Pt,0.0
ScPSe,0.0
NbHg,0.0
HoPt,0.0
CaDy2Te4,0.592
AsPd2Pt,0.0
TaTi,0.0
TmSeO3F,4.349
TbYTl2,0.0
TiSO5,2.132
PmZnAg2,0.0
Sr6Ir2RuO12,0.0
KNaBe,0.0
Mg6CrBi,0.0
Ti2Bi2O7,2.676
OsN3,0.0
Li5MnOF5,0.0
Ta3NO6,2.063
PdN,0.0
K3Na2LiTeO6,2.463
KZrCuSe3,0.342
TcAg3,0.0
Tm2GaOs,0.0
MgBeGe,0.0
Li3Cu2SbO6,0.0
Zn5Si2N6,1.245
Ho3Th,0.0
Mg2Ni,0.0
ScAgSe,0.0
HfH,0.0
K2ThO3,3.892
HfFe2As,0.0
CaMn4S8,0.0
PrCu2,0.0
Ho2Si4Mo3,0.0
Ca2MnGaO5,0.0
K2CN2,3.636
ThIr,0.0
Sr2NbInO6,3.521
Rb3Os2Br9,0.369
Li3LaBi2,0.076
BeAu2,0.0
SrCa3,0.0
V2Zn3Si4O14,0.31
Mn3Ni4Sn,0.0
TaF3,0.0
Tb5LiSn3,0.0
BeV2Pd,0.0
La3MgAlS7,2.381
Li5Co2Cu3O10,0.0
Li5WNO4,2.816
Y2AlTl,0.0
PmNi3,0.0
BaGeH,0.0
Be2CoRu,0.0
BaSe4Br,0.0
K2CoPbN6O12,0.0
Ba2CaBiO6,0.0
Ta9Ni2S6,0.0
TlCo,0.0
YCuSb2,0.0
Rb3TmCl6,4.778
SrP2Ir2,0.38
Sn7C,0.0
Yb2CdSn,0.0
Rh3Br,0.0
YFeW2O8,0.035
AgHgAsS3,1.161
CaAu2N2,0.0
Ba2TaBr,0.0
CePOs2C,0.0
Ba2AlIn3,0.0
Rb2InSbF6,1.869
Pt3Br,0.0
TmMgHg2,0.0
GeClO2F5,1.965
SiCl3,0.0
Mn4O7F,0.00025
NiGeN2,0.0
K3Ac,0.0
Dy2Al3Co,0.0
UAs2Pd,0.0
Pa3Tl,0.0
LiH3O2,5.051
BaNdCuBO5,0.0
ScP4Ru6,0.0
Y2MnSbO7,0.0
Ta2PdS6,0.0
Yb4Sb6Rh7,0.0
Zr4GeSb7,0.0
Be2ReIr,0.0
La4GaSi3,0.0
Ti2AlGe3,0.0
NdRhO3,0.606
BPS4,1.932
MgHgPd2,0.0
Be2RuW,0.0
ThCdCu2,0.0
Ti2MoAu,0.0
NdAlNi4,0.0
LaCuGe,0.0
LiNbVO4,0.0
Ho2Ge6Pd,0.0
Zn3Cr2O7,0.0
HoAsPd,0.0
Li3Ho,0.0
ZnCoF4,0.848
CaMnSn,0.0
Rb2TlSbCl6,1.406
SrBeTe2,0.002
Si2W3,0.0
K3BAs2,1.543
VZnF6,0.0
Cr3Rh,0.0
Lu3TlC,0.0
SrSi2Cu2,0.0
DyTlSe2,1.308
Sm2LuSc,0.0
Na3CdPCO7,3.422
BaMo2Br,0.0
TbNaTl2,0.0
VFeH2O5,0.0
LiVCl,0.0
KBaMo,0.0
Tb3Mn3Ga2Si,0.0
BaCaCr4,0.0
LiNbWO6,2.385
Nd2AlCo2,0.0
K3H,0.0
Mg2Ti3VS8,0.0
LuPb,0.0
LiErP4O12,6.018
Ba2PrCu3O7,0.0
TiAlO4,0.0
BaPr2CuO5,0.709
Ta3Ge,0.0
Sr4RhO6,0.0
CaLaFeSnO6,0.0
Dy5Mo2O12,0.065
ZnSnF6,3.775
Sr2BeBi,0.0
SbPd6S,0.0
AcOF,4.368
AgBi5,0.0
Zn3Si3Bi2O12,1.956
Mg2NbN3,1.278
SCl2O,3.435
NpSn,0.0
DyMn2,0.0
VFe2O4,0.0
Ca2ThSi8O20,5.027
CrCoAs,0.0
K2CdAu4S4,1.964
Ho2Sn3Pb3S12,0.623
K2LiMn2O4,0.0
CuSb2H12O6F8,0.951
BeTl2Cd,0.0
NaLi,0.0
Li4Mn3TeO12,0.0
Pr3ZrSb5,0.0
BaZr5Pb4O15,2.852
LiTl3Mo2O8,3.692
V2FeSe4,0.0
Ba4SrMn,0.0
CaAl2,0.0
YbErPt2,0.0
TeRuSe,0.0
CoRe2O8,0.0
RbSe2,0.0
Tl2GeSe3,0.967
VGeIr,0.418
Fe3W3C,0.0
Mg6TiSb,0.0
HoPb3,0.0
La4PdO7,0.353
RbInF3,2.32
Rb8AsO3,0.0
Hf4AgPd,0.0
ZrI4O12,3.172
Al3Os2,0.0
YBPt3,0.0
Ta2VRu,0.0
BeZnTe,0.0
NaGa2Au4,0.0
PaGaNi2,0.0
H12C4IN,4.49
BeZnIn4,0.0
LuAl10Os2,0.0
NaGe2Rh2,0.0
AsPd3Pb2,0.0
Sn2Rh,0.0
IrO2,0.0
EuHgPb,0.0
La2PdO4,0.0
NaAsO,0.0
Sr2LiIn,0.0
Ac2CdSn,0.0
SrCaC2O6,4.927
Ba4CaPt,0.0
BaNiRu2,0.0
ThNi3,0.0
KTl2GaF6,4.735
ScRhO3,1.016
LiCaO,0.0
TiCoSb,1.071
U3Ni3Sn4,0.0
TiMnP2O8,0.48
NdMgTl,0.0
TiSiOs2,0.0
Mn2Cu3Ge,0.0
TbMo2Os2,0.0
Nd2H5,0.0
YAlZn,0.0
Ba3Cr2S6,0.811
LiHoSn2,0.0
Li2CuSbP2O8,2.109
Ta6MnC3S6,0.0
Cu3C2O8,0.0
Nd3Hg,0.0
Mg4BeTl,0.0
Ce2FeRu3,0.0
CaAlSiO4F,5.605
LiGePd2,0.0
Li2CuSb,0.608
Ba2TiSe,0.0
K2BeCo,0.0
K2GaAuBr6,0.0
SrAcGa2,0.0
La2MgFeO6,0.0
MnPd,0.0
Na3Pd5F12,0.0
Zr6Ga16Ir7,0.0
LiSc2Al,0.0
TaCr,0.0
Tl7Sb2,0.0
ZnOsN2,0.0
ScSi2Os2,0.0
ZnNi9O10,0.0
DyB2Ru,0.0
Zr3Te,0.0
Ga3W,0.0
CuF3,0.0
K2NaInCl6,3.137
Li2ZnPb,0.0
NaVH2I2O9,2.78
Te4As2I2O,0.383
Mg8BPt4,0.0
LuCuPbSe3,1.074
Pr2ScSi2,0.0
LiZn2Ag,0.0
SmYCo4Ni6,0.0
Tb4Ge6Ir7,0.0
Sc2PdRh,0.0
K2RbYBr6,3.625
Al2CuO4,0.0
DyCo3B2,0.0
Li6Zr2O7,4.126
ZnBSe2,0.0
Sc4OsCl4,0.612
KZrBe2,0.0
HfMo2,0.0
Cu2Te,0.0
UCuSi,0.0
V3Pb,0.0
Ba4TlRe,0.0
KBaTe,0.0
YbLaHg2,0.0
NpSi2,0.0
Al3Bi5Br12,1.617
Be2NiSe,0.0
KCr2S4,0.0
Ba6Ru2PtCl2O12,0.672
Yb3P,0.0
KMnP3O9,2.496
ZrRu3C,0.0
CaNiF6,1.425
Zr3Cr2Ga6,0.0
BaTeBr2,0.0
Sr2YGaSn2O7,1.531
CeNi2Ge2,0.0
Rb3TlF6,3.189
NdBPd3,0.0
VCr2S4,0.0
Li3NbV2O6,0.0
Cr3Fe3SiAs2,0.0
Pd2Cl2O,0.796
Rb3GaI6,0.97
BeZnCo,0.0
MgRe2As,0.0
MnCoB,0.0
Cr4As3,0.0
C2SNOF,4.028
Tb3Zr,0.0
BaMgV4O8,0.0
SrBeSn4,0.0
YNi,0.0
CrPSe3,0.0
ErPaO4,3.088
YTcN3,0.0
BaZn2Re,0.0
USn3,0.0
TbSi2Cu2,0.0
K2BaCoN6O12,0.0
Tm2CdPd2,0.0
LaMgTl2,0.0
H13C4NF2,6.999
Ba2NaMg,0.0
Li5Cu2Ni5O12,0.0
Nd3Ho,0.0
YbCu2SnS4,0.601
Ni3I,0.0
NbAlCr4,0.0
LiPd2Pb,0.0
TiNiSb,0.0
Ca2CdHg,0.0
Sm3Co,0.0
Ca7TiN6,1.46
LaFeAs,0.0
NaPmZn2,0.0
PrTl3,0.0
Al2I,0.0
BeCdRu2,0.0
KMnSn3O8,0.0
AlCoF5,0.1875
Lu3O2F5,5.898
YbCeAg2,0.0
TaSiPt,0.0
La3S3N,1.34
K2RbSbF6,3.484
CuTe,0.0
HfBeCl,0.0
TmMgAu2,0.0
Pm2MgGe,0.0
Cu2H3ClO3,0.0395
Mg3Br,0.0
SrCuH6O5,0.762
AlH2O2,0.0
PmCdPd2,0.0
V6O13,0.0
Ca2MgTl,0.0
Dy3FeB7,0.0
ScTaBe2,0.0
Tm4MgCo,0.0
ThAl,0.0
ErTiSi,0.0
AgSN,0.521
PrPm3,0.0
VAgHgO4,1.331
TlCoMo2,0.0
Ba2TlSn,0.0
V3Fe,0.0
Er2C3,0.0
La3Ge4Rh4,0.0
Tm3Ga5Ni,0.0
LaRe2W,0.0
HoCdCu4,0.0
Ti2OsRu,0.0
LiBH2OF4,7.133
Ho3P6Pd20,0.0
LiMgVO4,3.2175
Mg7Si,0.0
Rb3Lu,0.0
YbWO5,0.0
Dy2YTaO7,3.439
AgSbS,0.0
MnNb4Se8,0.0
Dy8Pt,0.0
DyRh5,0.0
TbInAu,0.0
ZrTaFe4,0.0
LiV2O3F,0.0
AgMo3Se3,0.0
Yb3In3Ge2Au,0.0
KInTe2,1.115
Li5Co7O12,0.052
Fe6BC,0.0
S3N2Cl2,1.412
U8MnSe17,0.0
UCrCo,0.0
W3S,0.0
ErRh,0.0
LiH20C8BrO4,4.935
Cr9FeB6,0.0
SrCO3,4.598
Yb2NiRh,0.0
Na3Sb3As2O14,1.729
VSbO4,0.0
Zn3In2O6,0.62
Mn2BeSb,0.0
LiNiO2,0.0
FeNiPt2,0.0
AgBiPd2,0.0
Al3Cu2,0.0
TbSr3,0.0
Li2CrCo2O6,0.034
AlPt2,0.0
Nb3B3C,0.0
SmMnB4,0.0
K2NaCuF6,0.919
ErPRu2C,0.0
MgP2H12O11,5.813
NaLiY2F8,7.581
B3Mo,0.0
DyP,0.0
TlCdS2,0.0
LiPm3,0.0
BaH5BrO3,5.081
TaAs,0.0
TmLuCo2,0.0
VSi2,0.0
CaBeO3,0.0
ZrW3,0.0
K3Tm,0.0
RbPPbS4,2.361
Na2PdF4,1.323
CClF,0.0
Li2BeCo,0.0
Ta2MnRe,0.0
Mg3N2,1.917
BaSr3Co4O12,0.0
Pr3Al,0.0
NbTlPt,0.0
Bi4Te7Pb,0.423
ZrMo2,0.0
CaBeTe2,0.0
PrSnRh,0.0
LuB2Os,0.0
LiY2Rh,0.0
Ca2LaSbO6,3.404
BaGaGeH,0.135
CaLaMg2,0.0
LiNi5O10,0.0
Li2N,0.0
TbRbMo2O8,3.181
KBeMo2,0.0
Ac3In,0.0
Nb3Al2N,0.0
CeNdI4,0.0
BeIrW2,0.0
TaNiB2,0.0
Sr2YTlV2O7,0.0
ZnIn2GeAs4,0.0
MnGa2Tc,0.0
AsIr3,0.0
LiCo3O6,0.0
Nb2CoRe,0.0
Sc2CoRh,0.0
MnSiRh2,0.0
K2LiNdBr6,3.994
NaZnSe2,0.0
Cr2P3O10,0.0
Sm2Fe12P7,0.0
AgTeO3,1.201
CaIn2,0.0
Li4Co5O12,0.0
TiH,0.0
KH3F4,7.775
V6SiGe,0.0
Sr3LaTaAl3O12,0.0
Be2ReSb,0.0
YSi2Ag2,0.0
Ba2LuCu3O6,0.0
LiAlSe2,3.202
DyAlPd,0.0
Mg2Nb2FeO8,0.0045
Cr3Se,0.0
W3F,0.0
YbSnPd2,0.0
MnNb2Zn2O8,0.0
Be2PRu,0.0
ErCo3,0.0
AlCuPd2,0.0
LaSm,0.0
MgCd2Sb2,0.0
Li5Mn4O8,0.318
Rb3MnF7,1.872
UMoC2,0.0
Zn2NiN2,0.0
NaCd2Si3O9,0.217
KTeF5,5.347
ErP,0.0
BaBiF,0.0
HoRu,0.0
Y5Mg,0.0
NaCaAu2,0.0
K3Ta,0.0
Al2FeCo,0.0
KRb2MoO3F3,2.537
Yb3Cs,0.0
NaAcAu2,0.0
K2BaGa,0.0
KBaCr2,0.0
CeSn2Pt2,0.0
Sr2LiReN4,1.839
NaAs2Ru2,0.0
Rb2TlAsCl6,1.351
NaAc,0.0
HoMn6Al6,0.0
Be2ZnBi,0.0
BaSbAu,0.0
LaPrZn2,0.0
CaNi12B6,0.0
Cu3H,0.0
Ca3Ge,0.0
LiMnRhO4,0.411
Sm4Ti4S4O9,0.0
HgB2As,0.0
ThUBe26,0.0
PuB4Ru,0.0
RbZrF,0.0
GeAu3,0.0
ScAg3,0.0
Er7IrI12,0.25
Mg2AgSbO6,0.386
Tl3GaF6,3.296
TbAlAu,0.0
Ba2AlGa3,0.0
Dy4InRh,0.0
CeSn7,0.0
Pr3O,0.0
Dy2Sn5,0.0
BaNbO3,0.0
K3CeBr6,0.0
Sr4Al6WO16,0.823
Sr2ScIrO6,0.0
GaGePt6,0.0
Na2MgFeF7,0.0
CaAg2Sn,0.0
Mg2PH,0.375
HoMo,0.0
Y5Si3,0.0
TaGaNi,0.352
La2CoCu,0.0
NiBr2,0.451
Rb2NaTlCl6,1.786
Ca3In,0.0
Ba3Mn3N5,0.0
CoC4N6,0.871
K2ZnS2,2.675
Tm4Ni2C5,0.0
Nb6Fe16Si7,0.0
Rb2Cr2O7,2.516
Li7Pb2,0.0
S5N6,2.014
YbMo6S8,0.0
Sr2BeSb2,1.322
CoSnO3,0.0
NaLaS2,2.51
TiCrCuSe4,0.0
BaB2Ir2,0.0
Ba3SrMo4O16,3.899
Th2Si3Os,0.0
Be2SiPt,0.0
RbNa2Bi,0.037
TaNb,0.0
NdCo2B2,0.0
Li2SnPt,0.0
Ta3Cr3N,0.0
PrAl2Zn2,0.0
MgMnVS4,0.0
PrNiSb,0.0
TlAgI2,1.833
BaCaI,0.0
Ti4FeBi2,0.0
Hg5Cl4O4,0.0
Bi2Br,0.0
La2InGa,0.0
Er2Mg,0.0
Mg3BN3,1.598
Zr8AgPd3,0.0
BeCuW2,0.0
USiS,0.0
TbGaI,0.0
TaMnRu2,0.0
K2PdSe2,0.88
ScAgIr,0.0
TmRh2Pb,0.0
U3O7,0.0
ErNi4Au,0.0
BrN2,0.0
AsOs2Cl,0.0
Be2BiSe,0.0
LaTaTiO6,3.377
Y2AgRu,0.0
CaB4O7,6.374
UMn2Ge2,0.0
YbTl,0.0
Ti2Sb2Pb4O13,1.353
Sr2Mn3Bi2O2,0.0
MnNb3S6,0.0
CeAlCu,0.0
CdCu2GeS4,0.356
LuSi2Rh2,0.0
MgGa2,0.0
LiCo8O16,0.0
Pm2InSn,0.0
Ba4PBr,0.0
TmMg2As2,0.0
HoMnO3,0.0
AcDyZn2,0.0
Ba4TaRh,0.0
Rb2AgSbBr6,0.825
Tl2Au,0.0
Mg5Pb,0.0
NbSiPd,0.0
TbSc,0.0
BeInPt2,0.0
K2Zn3S4,2.726
AlFe2,0.0
AlIn,0.0
TeHO2,0.0
SmAs2Au,0.0
FeCuSe2,0.0
ReAsPd2,0.0
RbInH3,0.0
V2NiTe4,0.0
Pr3Sb,0.0
MnBe2Cl2,0.0
Ba4PtRh,0.0
IrRh,0.0
MnFeBiO5,0.0
KErC2O6,4.401
AuS3,0.0
Sc6ReO12,0.032
RbCu4Se3,0.0
YFe2Ge2,0.0
Be2CdRu,0.0
AsRhS,1.108
DyB2Os,0.0
Nb3B2,0.0
MgCoF4,0.112
CoAuO4,0.128
Ba2Tc2O5,0.0
YbAc2Mg,0.0
AgC,0.0
Bi2Os2O7,0.0
Ca3C,0.0
TiCo2O4,0.0
Li4SbS4,0.0
LiBe2W,0.0
B2Mo2Ir,0.0
K3Cu8S6,0.0
K3Co,0.0
Ca4PtN4,0.0
Sr2CuBr2O2,0.0
PmMg2Sc,0.0
Dy2PdRh,0.0
CeZnNi4,0.0
MoPCl9,0.0
Ca3Y,0.0
KRb2AsF6,4.741
DySi2Rh2,0.0
LiGa2Pt,0.0
Li5Fe5Cu2O12,0.0
TbGaFe,0.0
NaLi2FePCO7,0.106
CrCo2Si,0.0
Rb2NdAuCl6,1.978
UVSe3,0.0
ZrAs,0.0
ScBe2Tc,0.0
BaYCuMoO5,0.0
MnPO4F,0.33
Ce2Zn6Ge3,0.0
LuInNi,0.0
Mn2RuC6N6,1.765
UHg2,0.0
CeGaIr,0.0
Sr3CaHf4O12,4.313
YMgCu4,0.0
Y2Ni2Sn,0.0
BaMn2Sb2,0.0
GaHg3,0.0
CrFeBi2O6,0.0006666666666666
PuSnPd,0.0
Dy4MnS7,0.0
YbCd3,0.0
BaScZn3GaO7,2.402
AgBiP2Se6,1.18
LuBi2BrO4,1.567
LaCeIn6,0.0
FeNiN,0.0
Er10Ga5Co,0.0
Ca2AuN,0.0
AlBO4,0.0
Ce3Ag4Sn4,0.0
Ag5PS4Cl2,1.35
ZnSnF4,3.491
YCoGe,0.0
Li7Mn5O12,0.0
ZrAl2Zn,0.0
BeBiPb,0.0
Ce2AgSn,0.0
LiRhF6,0.0
KSi,0.0
PaMn2Zn,0.0
SbAsO4,3.247
Ca4MnN4,0.0
DyGePd2,0.0
Tb3Ga8Rh3,0.0
Ti5Te8,0.0
MnBeCd,0.0
LiMg2Rh,0.0
CS14,2.281
BaPPd,0.0
TaNb2W,0.0
Tb2Cr2C3,0.0
Sr2FeIrO6,0.0
YbS31,1.149
Al2HgO4,1.507
NiB12,0.0
FeRh2S4,0.0
AlSn,0.0
RbGeF2,0.0
NiRh3,0.0
AsF,0.0
MnSnTe2,0.0
PdF4,0.768
InC2,0.0
BeWCl,0.0
V2H2O5,0.0
Ho8Pu,0.0
TiCuSnS4,0.0
UB11,0.0
SrPd5,0.0
MoPH3O7,3.116
MnB11,0.0
U3Mo,0.0
CaSi,0.0
PbO7,0.242
Sm2Se3O9,3.818
Er4CdPd,0.0
Mg2CdN2,0.44
SmP5,0.059
Cr3P,0.0
Be2CoCl,0.0
Mn3AlC,0.0
LaCuO3,0.0
Li4Ni3BiO8,0.0
NaBeRu,0.0
Rb2CrI6,0.0
BaCr2As2,0.0
Y5Ga3,0.0
CdHgAsBr,0.951
Re2Cl5O4,0.5485
K3BrO,1.017
LaCoGe,0.0
CaMnS2,0.0
Mn2SnPd3,0.0
Ba2YCu3O8,0.0
CeSi2Re4,0.0
U3P,0.0
Sm3In,0.0
BaMn2P2O9,1.227
Ba3Ho,0.0
MgTiS,0.0
ErSi3Ni,0.0
K3Nb,0.0
YCo3H2,0.0
Zn2GeSe3,1.279
MgGeO,0.0
Al3Fe2Si,0.0
Ba4CrNi,0.0
BaInIr2,0.0
Mg6CuNi,0.0
Be2CrMo,0.0
Be4AlFe,0.0
C3S,0.0
BaYCuSe3,1.031
LuAl4Ni,0.0
HfWC2,0.0
MnTc2As,0.0
Rb2YTlF6,4.688
Hg2Os2O7,0.0
Rb2SiS3,2.837
NaMgBe2,0.0
Er2NiRuO6,0.0
NaBe2Si,0.0
BaDy2PdO5,2.092
TmInPt,0.0
HfTiBe2,0.0
NaZnF,0.137
LiV3O5F3,0.0
ZrCu2P2,0.0
ZnAu3,0.0
NaCe3,0.0
GaAu3,0.0
Rb2KCoF6,1.404
VCoO4,0.3185
NiH20C8N10,1.977
LiCuPd2,0.0
Ta3TeI7,0.529
Fe2Si2BiHO9,0.008
CaGeH2,0.0
Er2NiIr,0.0
LuPPt,0.0
CeGaCu4,0.0
CeMg6W,0.0
TmThZn2,0.0
Na2TlO3,0.0
BeV2Se,0.0
CaTmCd2,0.0
CeTh3,0.0
LiPF6,8.026
BaSi9Rh2,0.106
Pr2MgNi2,0.0
Li2SnAu,0.0
VB2Ru,0.0
AsN2,0.0
CaPd3O4,0.0
Li2Si2WO7,0.0
Al2Bi3O9,0.0
ZnSn3O7,0.657
MgN2Cl,0.0
SnPb,0.0
Y3Al2,0.0
MgBeTl2,0.0
K2RuCl6,0.0
Pa3Sb4,0.0
Ba4BiBr,0.0
MgU3,0.0
LiV5O7F,0.0
BaTl2Hg2,0.0
Li4Mn7O2F14,0.687
Mn4As3,0.0
Mo2HO6,0.0
DyCu3Te3,0.802
Ba4TePt,0.0
Hf2Ga3,0.0
CdI3,0.0
LaAl3,0.0
KAl3,0.0
Dy3SnC,0.0
MnAl2Cr3,0.0
CeAl2Si2,0.0
AcGe2Pt2,0.0
MgCoSi2O6,0.0
K2SrCdSb2,0.383
NdGeBO5,4.12
Tb3Nd,0.0
KScO3,0.0
NaMg2Tl,0.0
Mn2SnRu,0.0
TbCuW2O8,1.317
NbV,0.0
MgAl2Ga2,0.0
Rb2ScHgF6,0.0
MnAsAu,0.0
HfGa3Ni12,0.0
Li3SbP2O8,3.156
ScTlO2,1.14
IrCl4F6,0.061
YHf2Co2,0.0
BaIrPt2,0.0
Ba2CuO3,0.0
CdInO2,0.0
Ho3Cu3Sb4,0.378
Ca3Mn2N4,0.0
LaAl2Zn2,0.0
Ba5Co5O14,0.0
Nd2Co3Ge5,0.0
Dy4MgS7,0.994
ZnNi4O5,0.0
PrTa,0.0
AlGaRu2,0.0
CoWO4,0.0
ScRh2Pb,0.0
Ce2BiO2,0.0
Li2Mn2FeO6,0.17325
Ba4WBr,0.0
LaNi5H6,0.0
TmPa,0.0
Rb2NaMnO4,1.169
PmAgGe,0.714
LiGe2Ir2,0.0
SrB2Rh2,0.0
Ba2CrPb,0.0
MgH2Se2O6,4.189
PSCl2,0.0
Mg3Fe2N4,0.0
BaSiP2,0.0
Zr2Pd,0.0
BeNiIr4,0.0
IO,0.0
Pm3Dy,0.0
KTi2BiO6,1.639
BeIn3,0.0
Be2NbIn,0.0
Bi3Au,0.0
OsC2,0.0
Rb4TlSbCl12,0.52
KSnAs,0.396
MnAl12,0.0
UTeO,0.0
Nb3Sn,0.0
Pr4MgNi,0.0
Ga3PO7,3.426
PmV,0.0
Be2NiCl,0.0
Ba3MgSb2O9,2.688
ThBi,0.0
YB2Pd7,0.0
SmSi2Ir2,0.0
ReTe2Cl12,0.69
BHPb2O4,3.023
ZnAs2,0.214
KBe2Sb,0.0
CaI3,0.0
Cu2Te2PbCl2O6,0.335
Ba4GaSb,0.0
Sr3B2N4,2.142
KMg3,0.0
NaMnFeF6,0.0
Li4Al3Ge3IO12,3.128
Mg2AgPd,0.0
NaYPd6O8,0.0
NdGe2Pd,0.0
SmCuSeF,0.0
TiAlFeCo,0.031
HgOs,0.0
LiU3,0.0
Ca6Sn2NF,0.147
Th4UTe5,0.0
Hf4Al3,0.0
Hg3As,0.0
Ba2MnZn2As2O2,0.0
Sm3Er,0.0
Sr4LaCl11,1.92
ThAgHg2,0.0
EuMg2Sb2,0.0
CeTi2O6,2.187
ErCuNi,0.0
AlIr,0.0
TmPO4,6.352
GaAsO,0.0
Mg2In3MoS8,0.427
H4C2SN2,2.972
Sm2Mo2C3,0.0
Dy2TiO5,2.946
Tl2VCl6,0.0
NdAl8Cr4,0.0
LiSc2Ru,0.0
Rb3YCl6,4.584
CdNi,0.0
TbZnSn,0.0
Er5Ru2,0.0
Sn5B2Rh6,0.0
TiInAu,0.461
Ba5As3,0.0
KBeHg2,0.0
Ba4SiP,0.0
LiCa2Pd,0.0
TmCo12B6,0.0
SmClO2,0.0
NdNiSb2,0.0
AlWO3,0.0
Ba4ZrTa,0.0
DyInPd,0.0
K2LaAuCl6,2.133
Tb2ZnCu,0.0
DyPt3,0.0
CrHgF6,0.0
NaNi2H3S2O10,0.731
CePdPt4,0.0
RbMg6B,0.0
Ga3S,0.0
Mn20W3C6,0.0
LiMgCoF6,1.144
Sc4BeW,0.0
KSiBiS4,1.985
Ba2MgUO6,2.196
Sr4Mn2Ga2O11,0.0
ZrCo2,0.0
K4Ba2SnBi4,0.054
BeGeIr,0.0
SrSi2Au2,0.0
MnPt3O6,0.0
CaO7,0.0
Zr3PO2,0.0
DyCo2B2,0.0
NdZr,0.0
PuGe7,0.0
BeTcBi4,0.0
TmCd,0.0
MgAlIr2,0.0
RbCaI,0.0
LiMnN2,0.0
Li3Cr4O8,0.0
CaAl2Sb2,0.281
V2Cr2Fe,0.0
U2Cu2As3O,0.0
SnPClO2,2.231
Pr2YHo,0.0
MnCu3,0.0
TmZn12,0.0
SmAl5,0.0
AcGe2Ru2,0.0
ThPa,0.0
Sm4As3,0.0
RbNO2,2.354
K2PrCuCl6,2.317
KBeTc,0.0
SmRhC2,0.0
RuSeS,0.389
BeCdTe,0.0
K3Sb7S3O9,1.477
KCuCO3F,0.0
TbRh5,0.0
NaMoF4,0.0
MnAl2Tc,0.0
SrBeIn,0.0
CaReN2,0.0
Ba4RuRh,0.0
ScAl2Co,0.0
NaFeO2,0.0616
ThBr4,3.1675
FeSeBr7,0.859
Ag2C,0.0
LiAlAg2,0.0
Zn3Pd,0.0
Na5TaO5,2.655
Na2SbAs,0.536
Cr8Fe3CuS16,0.0
RbZn4As3,0.0
Ca5Ge3H,0.0
YVO3,0.0
MnTlS2,0.0
Ba4HfHg,0.0
KMg3AlGe3O10F2,2.85
Dy2In,0.0
TiGeRh2,0.0
NdSbPd,0.0
MgBePb,0.0
Re3Ge,0.0
CaNiO2,0.009
Dy2FeSi2,0.0
Ba2CuPd,0.0
La6P17Pd6,0.0
Sc2V2O7,0.233
Zr2BeSn,0.0
ScVFe,0.0
Rb2TeO3,3.69
Nb3Se4,0.0
MgVCoS4,0.0
Er3Tl,0.0
TlCdCl3,3.194
Rb2TlAgF6,0.258
Ba4HgPb,0.0
CaH2CClO3,3.618
Ta4BeTe,0.0
GaAg,0.0
Ca2MnAs2O10,0.607
ScAsW,0.0
BeIr4Pd,0.0
K4CaW3O12,0.445
HoCrO3,1.037
SrPrMnO4,0.0
BeVCo2,0.0
SbPb2S2I3,1.263
LiAlS2,4.089
Nb2Ni,0.0
KB,0.0
Hf3AlN,0.0
HoSi2Au2,0.0
Mg6SiMo,0.0
ThMgZn2,0.0
BeCuBr2,0.0
RbNa,0.0
ZrU3Sb5,0.0
Tb2Te3,0.523
SmSi2Cu2,0.0
TmPd2Pb,0.0
BaTaS3,0.0
Li4CrP2O8,2.07
Ce2MnSe2O2,0.0
Pu3Sn,0.0
VCr2C2,0.0
Ni5P4O16,0.0
La5Ir2,0.0
H4CSN2O2,3.124
Mn3AuN,0.0
Li2CdSnS4,1.846
MgCuO2,0.0
ScGaPd2,0.0
CuB2O4,0.121
Ta5N6,0.0
Lu2RuPt,0.0
KBeTe2,0.0
Ba4ReIr,0.0
TaInBi2O7,2.214
GaH2,0.0
BaYSb2,0.0
Na2Cu3O4,0.0
La5Sn3,0.0
LiFeGe2O6,0.0045
LiZr2Ir,0.0
PdW3,0.0
U3O5,0.0
YBi2IO4,1.527
LiMg6Al,0.0
PmZnHg2,0.0
Mg2PN3,4.047
SbPdSe,0.0
Zr2InN,0.0
ThScTc2,0.0
NpSi2Ir2,0.0
UZn,0.0
MgRu2W,0.0
Rb2RuCl6,0.0
Li3Mn2Cr2O8,0.0
ScFeC2,0.0
CaTiS2,0.0
Li4MnV2WO12,0.811
AlB,0.0
LiCa2Mg,0.0
ZrH3,0.0
Tl3Cd,0.0
Rb2ZrCl6,3.488
K2SnHgSe4,1.472
CePt4Rh,0.0
Na2MnO2,0.04
Mn3Fe9C4,0.0
SrMg7,0.0
Ga2BiSe4,1.994
TaBePb4,0.0
Sn3P4O14,3.006
BaBi4Br2O6,0.0
CaAl8Fe4,0.0
BaAg2S2,0.924
Rb2GaHgCl6,0.0
CaNi2O4,0.011
ZnGaAs,0.0
TlGaSe2,0.594
LiCeMo2O8,0.0
Ca5Sn2N6,1.324
BeGeSb,0.0
ScZnPt2,0.0
ErMg2Sc,0.0
Ca3WO6,3.328
RbPaO3,3.373
Ti3Te4,0.0
Ho2Ti2O7,2.74
TaBe2Ir2,0.0
PrS31,0.0
SrPN,0.009
K2BeOs,0.179
Yb7Al5Ge8,0.0
DyRh2Pb,0.0
NdGe3,0.0
LiCaSb,0.708
LiMg6Bi,0.0
Sr9Zn4Cu2O14,2.019
CaWN3,0.562
LaMgCrAgO6,0.493
LiAuF,0.0
Cd2GaCuSe4,0.006
Mg3In,0.0
Tm2ZnIr,0.0
CaPrRh2,0.0
Ti3Os,0.0
Sm6U3O17,0.093
K3SmCl6,4.635
Ba2NbP2O9F,2.975
Nb5Si4Cu4,0.0
NaMoN,0.0
Be2CrSb,0.0
Tb2Si3,0.0
Pb3Br,0.0
Li6PS5I,2.005
ErB11,0.0
Mg3Ni20P6,0.0
Tb2MnGa6,0.0
SrGe3Pd,0.0
Ti3AlSe2ClO8,0.747
MnNiBi,0.0
BePdW2,0.0
Y2GaN3,1.563
Na2ZnP2O7,4.334
PrAl3Cu,0.0
LaRhC2,0.008
Hf6Co16Ge7,0.0
LiBH2,0.5385
Ge3Te2Se,0.591
TiBePt4,0.0
AcAgTe2,0.069
Zn3C,0.0
TiAlN2,0.0
Be2SeBr,0.0
PrMg2Sc,0.0
Na3AlH6,3.088
Li2V2F7,0.0119999999999999
NaMgBe,0.0
BP2,0.0
CeTlAg,0.044
Tb2Ni12P7,0.0
I3O,0.0
CeCdHg2,0.0
V2CoMo,0.0
YAg3Cl6,2.797
AlVCr2,0.0
Br2Cl,0.0
ZrPb,0.0
NaV4O10,0.0
Al3Pt5,0.0
SiBi12O20,2.39
CoIr,0.0
Ag3As2O8,0.0
HoFeGe2O7,0.46
K2NaTaBr6,0.0
BeCrW,0.0
Ca3CuRhO6,0.0
RbUAgSe3,0.0
Pa3Ti,0.0
PrTc,0.0
PdPb2Cl6,1.363
ZnAsAu,0.0
Ba2LuMoO6,0.0
CaIN,0.0
BaYCoCuO5,0.0
Zr3Fe8Mo,0.0
Ti2Co3Si,0.0
MgTiPO5,0.236
DyGa2Pt2,0.0
BIr3,0.0
La2CdAu,0.0
NaZn2Au,0.0
RbEr,0.0
Tm2S2O,2.714
CeNi2Sb2,0.0
TlCoW,0.0
Lu2PbS4,2.178
BaNdFeCoO6,0.0
NiSnO3,0.529
La2BeZn,0.0
LiSi2NiO6,0.184
KBa4Mo,0.0
Ba3Mn2IrO9,0.0
TlCrS2,0.058
YbAcTl2,0.0
Ce2Y2O7,1.769
Ca2CdSn,0.0
Ba4SiRu,0.0
BaNaH6Ir,3.1
Na2LiB5P2O14,5.437
PBr7,1.297
YBO3,5.327
AcMo,0.0
ZrVAs,0.0
Ba2SbBr,0.979
Te8Mo3W,0.8665
Rb2AlAuF6,1.313
PuTaC2,0.0
Mg2H6Os,3.416
Ba3BAsO3,1.398
NpUSb2,0.0
MgTeO,0.0
CdAs5,0.0
CdMo6Se8,0.0
Pr2FeAs2RuO2,0.0
LiMg3O4,0.0
Ba2Ca3Al9,0.0
TlAg3Te2,0.0
NiHgO2,0.0
Sn4Ir,0.0
ZrTiC2,0.0
MgTiMnS4,0.0
Ba4ReGe,0.0
NbSb,0.0
LiPW,0.0
FeRh,0.0
Nb9PO25,2.166
AlGeO,0.0
H6C7O2,3.411
CeSi2Cu2,0.0
Li4Mn3Co5O16,0.069
Co3O4F2,0.0
Ba2LaV,0.0
PrMg2Cd,0.0
TbCoGe2,0.0
Zr4S3N2,0.0
BeIn4Pb,0.0
Y5B4Rh15,0.0
Y2AlRu,0.0
MnTcPd,0.0
KSrMg6,0.0
Sr2InPd2,0.0
TaNiP2,0.0
CrCuSe2,0.041
Hf2BeV,0.0
Mg3Se,0.0
TbTh3,0.0
ZrAlIr,0.0
Rb2NaSbBr6,2.501
CeSiHRu,0.0
Ho2MgOs,0.0
LiCeZn2,0.0
HoCr6Ge6,0.0
NaN,0.0
Be2OsRu,0.0
Al2CrCl8,0.689
Nd2Al3Ge4,0.0
Pm3Tl,0.0
IrAu3,0.0
HgPd3,0.0
NdSb2Pd,0.0
CeSi3Pt,0.0
TiAlRu2,0.0
Li3Ti2MnO6,0.143
Li2HgBi,0.0
YbNi2,0.0
CaBr3,0.0
Y2Th8O19,2.857
LiCo2P2O8,0.0046666666666666
YbNdAu2,0.0
SrSn7,0.0
Ba4SnHg,0.0
Li5Ti3O8,0.0
Li2FeCoO4,0.0
Na3CoF6,1.348
Ba3Er2Cu2PtO10,0.381
NdNiSb,0.0
FeCoSn2,0.0
Ca5Mn4O9,0.401
Ti3Se4,0.0
CoS2,0.0
Mn2CuNi,0.0
LiTmAu2,0.0
Li3V2OF7,0.131
H2C3S2O,1.696
KZn,0.0
KNa2NiO2,0.0
Zr2SiMo3,0.0
NdPa3,0.0
HoB2,0.0
CaPmAg2,0.0
Ca3Ni7B2,0.0
TePb3,0.0
Ba4MnPt,0.0
PuPt2,0.0
Y3Ga,0.0
SiCl,0.0
Be2InW,0.0
HfI4,2.052
Na3PrCl6,3.702
NaDyS2,2.312
AlCuF5,0.0
BaAsPd,0.0
K3MnCrO8,0.753
UCu3Pd2,0.0
DySi2Au2,0.0
Mn28Hg,0.0
V3Au,0.0
NaSb3F10,4.93
MgBe2Rh,0.0
TaNiB,0.0
KRuO3,0.0
Sr4Al6TeO12,2.878
LiLu3,0.0
Y2CuAu,0.0
Li2CeGa,0.0
Ti3Tl,0.0
ScCu,0.0
ErInCo4,0.0
HfTiMo4,0.0
LaZnO3,0.0
TlIn5S7,0.627
AlTlSi3O8,4.57
PrNbO3,0.0
Na2LiAlP2,1.961
Si5P6O25,5.92
Ti2BePb,0.0
Yb2AlCd,0.0
Ti20Co3B6,0.0
LiZnAs,0.541
TiCr2Mo,0.0
KClO2,2.226
Li2MnFeO4,0.0
Ba3Fe2Br2O5,0.368
TmGaPt,0.0
La2BeOs,0.0
K2LiEuCl6,4.96
Ti3Au,0.0
KBaPS4,2.074
HoH2ClO2,4.694
TlCl2O,0.21
Y2AlNi2,0.0
CCl,0.0
Np3Al,0.0
SrTl2,0.0
CaCd2,0.0
GaHgO2,0.0
Mn2Fe9N8,0.0
Ac2ZnGa,0.0
La3BeSbS7,1.466
NiAs,0.0
Rb2CuAuCl6,0.0
NaMoO,0.0
Mg16Al12V,0.0
NaNbS2,0.748
BaMgBi,0.0
PmMg2,0.0
Yb2CdS4,0.0
Lu2NiRu,0.0
Rb3SbSe3,2.249
HoSeO3F,4.374
BeNb2Mo,0.0
BeCl3,0.0
SmFeSi,0.0
U6Al8Fe5Si9,0.0
CaLaVFeO6,0.327
Be2TlRe,0.0
HoNiSb,0.262
Ba4NdRu3O12,0.0
Li2GeAuS4,0.0
TbNaMnWO6,0.0
H16C9O3,4.79
YbCePd,0.0
Be2Co2Se,0.0
Ca2F,0.0
TbPu3,0.0
K4Ru2Cl10O,0.549
SrFe3P4O14,0.018
UBr4,0.1765
UTeS,0.0
SrW3,0.0
Ba3CoSb2O9,0.0
Nd2Si3Ni,0.0
CaFeO3,0.0
Rb3NaH4,1.935
K2Ca4Si8O21,4.589
LuSn2,0.0
SrHg3,0.0
KMo2P4O14,0.0
SeO7,0.694
Sc2AlAu,0.0
Na3W2Cl4O4,0.0
Ca3TiN3,0.0
YbSi2Cu2,0.0
Co5O8,0.0
YbGa2,0.0
La3Ge3Cl2,0.0
ErGe,0.0
Ba2NaUO6,0.0
V2AsSe,0.0
Li2PNO2,6.118
BeSiW,0.0
SnHgF6,2.415
NiSnRh2,0.0
BaCr2W,0.0
K3ScBr6,3.18
TbGe2,0.0
CeZnPd,0.0
V2CN,0.0
Li8Co5O10,0.0
MnAsRu,0.0
PrDy8,0.0
ScBe2Cl,0.0
Li4BeSi,0.0
BeGeBr,0.0
TbRe2SiC,0.0
BiAsO2,0.0
YbLaTl2,0.0
Er2ZnAu,0.0
ThU4O10,0.0
Ce3SnC,0.0
Li2FeB2O6,0.06
Ba4CdCo,0.0
BaMg2Fe,0.0
AlZnRh2,0.0
TbReB4,0.0
ErRh2Pb,0.0
HPbI3,2.2305
K2RbTmCl6,4.393
ZnF3,0.243
Mg2FeO4,0.0
AgAu,0.0
ReBr,0.0
CeCo4B,0.0
K2CuSbCl6,0.841
SmTm3,0.0
HoH3O3,3.801
YAg3,0.0
BeBiBr2,0.0
K2LiVO4,3.784
PuSi2,0.0
Li2HgPt,0.0
Al3Cu,0.0
KErTe2,1.331
Na2SrFe,0.0
PmAg3,0.0
GaBi3,0.0
UP,0.0
KLa7Cu4O16,0.0
Ba2P,0.0
CeCoC2,0.0
BiB,0.176
CClF3,6.69
BeNi4Os,0.0
ZnNi2GeS4,0.0
Er2AgIr,0.0
Mg2TiSbO6,0.0
SmYB12,0.0
AsO3,0.0
TiBeRh2,0.0
SmCo2Ge2,0.0
CSO2,0.0
LiFe6O7F5,0.0
Ca2TiO4,1.871
K2InHgBr6,0.0
TbGa2Ru2,0.0
Nd3Cd,0.0
InPdPb,0.0
CaZnGe,0.0
CaHfO,0.0
KScO2,3.678
LiVBO3,0.591
NaNiIO6,1.1695
GaH5N2F2,2.913
Sn5S4Cl2,1.442
TbGe5,0.0
DyInCo4,0.0
Yb2AgHg,0.0
Ta6Si7Ni16,0.0
Al2FeRh,0.0
RbCo2S2,0.0
ScRe2,0.0
BaRuCl,0.0
CaCoSi2O7,0.0
GaC3,0.0
POsSe,0.624
HoAl2,0.0
TlIn2Ga2,0.0
RbNbGe3O9,3.211
La2CO5,4.028
NiBiAsO5,0.865
KLaO2,3.793
BaTeO4,2.245
LiFeP3O9,0.012
ReMo2As,0.0
NbPS,0.0
U2MnAl3,0.0
KEuSiS4,2.77
ZrCoGe,0.0
Ba4LaZr,0.0
HgF3,0.0
BeNiSe2,0.0
Li2TiCr3O8,0.0
Ba4PPt,0.0
UCo4B4,0.0
BaSrHg,0.0
YbSb,0.0
DyBC,0.0
Yb2CdSe4,0.0
NiAsSe,0.0
Ho6WO12,0.472
Na3InBr6,1.924
TmCu2Ge2,0.0
ZrCoH3,0.0
P2Rh,0.437
USi2Pd2,0.0
V2O3,0.0
LiAs2Pd2,0.0
BaMnCO3F2,2.143
DyMnAl,0.0
Nb8N5,0.0
Rb4Tc6S13,1.038
RbGeIO6,2.526
Ni9BiTeS8,0.0
Zr3Al3C5,0.0
Li7Fe3W2O16,0.0
LiMn7O12,0.0
Ti4Si7Ni4,0.0
K8N3O,0.0
CaU2P2O4,0.0
Ba2S2O3F2,2.452
MgFe2N2,0.0
K2PbO3,1.289
H3CO3,3.735
ZrTe2Br5,0.98
KCuTe,0.705
Ag2H3IO6,0.709
PI5,0.0
YInPd2,0.0
LaAl2,0.0
Th3Mg,0.0
Ti2MnNi,0.0
Y2Be2SiO7,5.419
CeFe2P2,0.0
MgPd2Au,0.0
AsPdRh2,0.0
TmBi,0.0
Eu2Ga3Ir,0.0
Er3Mo,0.0
CaBeHg,0.0
USnPt,0.0
NdAsRuO,0.0
BeZnGa,0.0
BeCrCu2,0.0
SmAs2Pd2,0.0
TiH20C11O4,1.6295000000000002
Rb2ZrF6,6.822
ScPaO4,3.116
Dy2Tl,0.0
Ca2FeOsO6,0.257
VSi,0.0
Na6ZnSn2,0.0
Tm2AgHg,0.0
LiNbO2F,0.0
SrLi2Be,0.0
Ba4BeGe,0.0
SbPd2,0.0
Zn8B3H3O14,2.616
Fe2RhS4,0.0
UCu2As2,0.0
Na6Zr2Si4O17,0.0
YbLiAlF6,8.122
Ba2Si2CuO7,0.089
LiSmSn2,0.0
ScSi7Ir3,0.0
V3Ga2,0.0
Sr3Ga3N5,1.596
YMn6Sn6,0.0
FeTeCl7,1.157
SrYAl3O7,4.315
LiCd,0.0
U2AsSe,0.0
Ca2BN2F,3.055
ZnSn7,0.0
KNaTiO3,3.562
BaInO3,0.0
Ba2HgCl,0.0
Ag3PS4,1.154
Sr2YTlNi2O7,0.0
NiBPt,0.0
Na4BeSi,0.0
NaYF2,0.0
Ba2YRuO6,0.099
ErSnAu,0.0265
LiGeIr2,0.0
BiO3,0.0
LiLaNb2O7,1.43
CaV2S4,0.0
UFe2Si2,0.0
HgCl3,0.0
CeSCl,0.0
Ba4I6O,4.023
YbGa4,0.0
Ba4ScP,0.0
Ba2NbInO6,3.413
SmNi2Ge2,0.0
U3Pd,0.0
Ba4MoPb,0.0
TlCu3,0.0
Rb2CeI6,0.853
U4Ga12Rh,0.0
SiC3,0.0175
CoTeO,0.0
Pr2CdPd2,0.0
NaTl2Bi,0.0
HfNb2VC4,0.0
TlSnAu,0.0
BePb4W,0.0
Ta4N3,0.0
YB2C,0.0
AgPb4ClO4,2.39
Pm2CuRh,0.0
Dy2CuGe4O12,0.835
HoO3,0.142
Nb3Te4,0.0
Sr3Ru2N4,0.0
BaErFe4O7,0.031
Ba2AlCo3O8,0.0
BeTlCu4,0.0
BaNa2Si2O6,4.501
Ba2CaTeO6,3.255
Dy3Co2Ge4,0.0
Ba2AlCr3O8,0.0
ThSiAu,0.0
ZnH8C2S2N6,4.305
KBeNb,0.0
RuS,0.0
NaLiHg2,0.0
Ba4BeCo,0.0
SrCaU2O8,2.231
BaGaBr,0.0
NaLiFe2Si4O12,0.0
Sc5BRh15,0.0
WClO,0.792
P6H24N6O19,0.0
NpMn3,0.0
Be2HgPd,0.0
UIN,0.0
Ba2NaSn,0.0
Ba4HgRh,0.0
ScTl3F6,3.751
CuSn7,0.0
AlSbO2,0.0
LaPrMn2O6,0.0
BeCo4Sb,0.0
MnAsIr2,0.0
AlCr2C,0.0
LaAs2Rh2,0.0
Sb5Pb,0.0
ErP2Pd2,0.0
PdPbF4,1.008
Pr2Cr2Co15,0.0
Y2USe3,0.0
CF3,0.237
Nb2ReMo,0.0
SrCl2,5.498
TbBiRh,0.0
AsS3Cl3F6,0.0
ErFeGe2O7,0.469
NdAl2Au2,0.0
RbFeMo2O8,0.0
Ba4SbCl,0.0
MgSc2Ir,0.0
Ba4SnSb,0.0
UPt4Au,0.0
CoN3,0.0
U3S,0.0
TmSi2Ni,0.0
In11S16,0.0
K2RbCeCl6,0.0
Ho3Ge5,0.0
BeCdFe,0.0
RbCd,0.0
Pm2TmSc,0.0
RbBiS2,1.438
LiInSi2O6,3.891
ErMoC2,0.0
Li2HgGeS4,1.574
CaGa2As2,0.187
BaTcBr2,0.0
LiTi3VO8,0.0
Li2CuGe,0.0
Mo2As3,0.0
CeSbPt5,0.0
DyMoO4F,3.741
YTl,0.0
BeMoIr2,0.0
LaYC3,0.0
Na2Mg5P4O16,5.354
Zr2TiAl,0.0
K2ScAuCl6,1.962
LiTiSe2,0.0
SmLuZn2,0.0
K3Pt,0.0
NaMg6Ga,0.0
Li2GaSi,0.0
Zn3Mo3O8,0.0
TbCd2,0.0
Li2VCr3O8,0.0
Li2AlPt,0.0
Rb2SiH6,2.252
WSeS,0.597
TmCuSe2,1.274
Al11NO15,4.452
CaSi2SnO6,3.148
BaFe2S3,0.0
Re5Si3,0.0
HoCuSn,0.0
RhPb,0.0
Er4FeS7,0.105
Dy3Cu4Si4,0.0
K2VAgS4,1.351
Sm3Al,0.0
In2Se,0.0
Ta2TcRu,0.0
Nd2SO2,2.992
K2NaAlF6,7.49
EuCl2,0.0
Nd3S2Cl5,3.153
HfMg3O4,0.0
K2Ca2Be,0.0
DyPdPb,0.0
CeCoGe2,0.0
TaSe3,0.0
Bi2Pd3S2,0.0
BaHf2Ru,0.0
Sr3Y2N4,0.335
Ge7Cl,0.0
BiSbO5,0.081
V3Ir,0.0
RbCo2P2,0.0
Yb2SnPb,0.0
GaAs,0.0305
KBaHg2,0.0
MoAsOs2,0.0
InBrO2,0.0
Ca4As2O,1.237
Tb2Ge5Rh3,0.0
Mg3Al9FeSi5,0.0
Y4CI5,0.0
Pr2MoC2,0.0
LiBeNi2,0.0
TmSb5,0.0
Mn3AgN,0.0
TiSn6F16,2.452
Li2Mn3TeO8,0.0
TlPbI3,2.144
LiCuRu2Rh2O8,0.0
AgPS3,1.354
MgCrF,0.0
La3NbGa5O14,0.0
BaTl2Br,0.0
K3ScSi2O7,3.547
NdTlAg2,0.0
YZn2Rh2,0.0
Pr3CBr5,0.527
TlIr3,0.0
BePb2Cl,0.0
PrCO4,0.0
ScSn,0.0
Nd3AlN,0.0
Mn6O5F7,0.0028421052631578
BeSn2Os,0.0
WBr2O2,0.184
SmMg2Sc,0.0
Pr3WCl3O6,0.476
Ca2Al2O5,3.904
YErAl2,0.0
Dy5Co2Bi,0.0
YbY2S4,2.169
HfReAs,0.0
RbSbS2,1.927
Nd2ScNbO7,2.439
ZrMnSi,0.0
Na2LiBiBr6,3.069
LuPaOs2,0.0
HfMoAs,0.0
YTlPd,0.0
BaCaTi4O8,0.0
InRhO3,0.284
DyFe3B4O12,0.0
YbCo4Ge2,0.0
V3B4,0.0
PtN4Cl2O,0.0
Rb2UO4,2.027
Li2CePb,0.0
BeNiP2,0.0
CdInAsSe,0.0
BaCrCd,0.0
MgBO3,0.0
Na2Ca3Ta2O9,3.632
Sr2AgPb,0.0
ErFe2B2,0.0
Ca3Dy,0.0
ThAs2,0.0
K3CrO8,1.582
MgGaPd2,0.0
Mg2NbFe,0.0
MnBeRh2,0.0
MnCdF5,0.0
BaCu4O4,0.0
ZnNiF3,0.0
NaBeGe,0.0
Pt3Rh,0.0
HfBiO2,0.0
YTc,0.0
Ti5Sb3,0.0
CdAu,0.0
TiAs,0.0038
KCeGeSe4,0.0
RbBi2,0.0
YbGe2Pd2,0.0
LaB2ClO4,5.086
TaBrO3,0.0
U3Co3Sb4,0.0
BeAsRu2,0.0
Ce2MgCd,0.0
Ni2P2O7,0.8109999999999999
K3Ag,0.0
ZrBiO3,0.0
TbFe2Si2,0.0
K2NaGaP2,1.44
K2CeAgBr6,0.2
BaBiCl,0.0
KFeS2O8,0.0
U7Te12,0.0
LiBS2O8,6.396
Ba4LiGe,0.0
BeBi4Br,0.0
HoTiSi,0.0
Dy3S3N,1.424
Be4SiNi,0.0
NbP,0.0
Y2C,0.0
VNi3,0.0
NaSi2Au2,0.0
Lu2InAg,0.0
Na2Mn2Se3,0.348
TmAsO4,3.7905
SeN,1.762
ThZr3,0.0
Rb2TaF7,5.524
Ba2HoCu3O6,0.0
Nd3Ge5,0.0
Pr3TiSb5,0.0
BeSnTe2,0.0
Yb19Mg8,0.0
CoCl,0.0
Zr2BeGa,0.0
AgSbTeSe,0.0
H3C3N,6.135
SrFeO2,0.0
MnNb2Fe,0.0
Cr5B3,0.0
ThBRh3,0.0
Ga2O,0.0
YbCeS3,0.035
CaPbI2,0.0
Rb2InSbI6,0.0
SmThN2,0.0
TlHg5Cl11,2.55
ScCdNi4,0.0
K3LuCl6,4.75
PdO7,0.044
AcErMg2,0.0
UAl8Fe4,0.0
H4N,0.0
HfP,0.0
HfBr3,0.0
AcH,0.0
Y3Bi,0.0
MnAs2O6,0.522
Li2FeO2F,0.0099999999999999
NdIn6Cu6,0.0
Pm2AgSn,0.0
TaNbTc2,0.0
Pm3Y,0.0
Au3Cl,0.0
BaPr,0.0
YZnAsO,1.287
Li2CdPd,0.0
LaSi2Rh,0.0
LiCa2Al,0.0
NdIr5,0.0
FeNiMo3N,0.0
Ba3NiRu2O9,0.169
Ac2MgGa,0.0
NbW9Se20,0.0
La2HoMg,0.0
CaO3,1.944
Ba4BiTe,0.0
FeSb2O6,0.0
HC3SNO2,0.244
Dy2VFeO6,0.0
Mg4Si7,0.0
SrLaTiMnO6,0.0
Ba4NbTc,0.0
Nd2SiTeO4,2.108
AlPS,0.0
LiCr2O4,0.0
CaMnN2,0.0
LiSO3F,6.199
Hf2Mg,0.0
AlFe2O4,0.0
MgTlF2,0.0
SmBS3,2.431
BaMg2P2,1.151
ThH3,0.0
K2NaRhF6,2.006
NaAl2Sb,0.0
Na5CuSO2,1.673
Zr2FeB2Ru5,0.0
DyPPt,0.0
Na3AuS2,2.436
UCd,0.0
AcMgCd2,0.0
Ba4SbBr,0.0
La2MgGeO6,4.578
Na2BeCl,0.0
RbAsSe,0.0
PaTiTc2,0.0
NaTi2P4O14,0.0
BeCrP,0.0
HfSc,0.0
ScCu2As,0.0
Na4CuAs2O8,0.8200000000000001
Ba2AlCr3O7,0.0
Na2CrCl4,0.616
YAl3,0.0
AlGaCu2Se4,0.397
ThGe2Ir2,0.0
Cr2HgS4,0.0
MgPd,0.0
ScCl2O,0.0
Pa3Ga,0.0
Na6Ge2Se7,1.551
Li3FeCu3O8,0.0
YMgMnS4,0.0
GaW3,0.0
YbSmRh2,0.0
Pr3GaO6,3.812
BiSeO2,0.0
BePPd2,0.0
Ba2Sb3O8,0.0
Ba4SbIr,0.018
B2SO2,0.0
BaSc4Pt,0.0
SiF3,0.0
DyIn6Cu6,0.0
ErSiRu,0.0
CaTlAu,0.0
Rb2AgSe,0.0
Ca2ZnGa3,0.0
RbAgBr3,0.0
PuMg,0.0
Be2CdPb,0.0
Ba2DyNbO6,2.923
Pr3InC,0.0
P2H16N4O7,4.715
BeFeNi,0.0
Ac3Pd,0.0
K2YHgF6,0.0
Li3FeCo3O8,0.0
LaTlO3,0.309
K2AgSbI6,0.43
Ba2ZnOsO6,0.0
Ca5MnSi9Pb9O33,1.3905
BeTl2Te,0.0
Ba4VCr,0.0
TlHg5Br11,1.892
Li2LaO2,0.0
DyAlPt,0.0
Tm5Sb3,0.0
In2As2Cl2O5,3.164
UGaRu,0.0
LiLa2Ir,0.0
Mg6VH16,0.0
La3Sm,0.0
Sm3Si2Pd2,0.0
Zr2TcRu,0.0
BeTe2Br,0.0
LaNiSn2,0.0
SmCo12B6,0.0
In3SnI5,2.026
BaGaFe2,0.0
Nb2NiSe4,0.0
Hf2Se3S3,0.533
TiBe,0.0
MnSn7,0.0
TbInPd,0.0
CaIn4Pd,0.0
AgSbPd2,0.0
TlF3,1.241
BaNaTe,0.0
LiScIr,0.0
SmErIn2,0.0
CaZn2In2,0.0
DyAsSe,0.196
U3NbSb5,0.0
BaIn2Rh,0.0
Ce3B2N4,0.0
RbHoW2O8,3.455
YGeRh2,0.0
LaS2,0.0
V6Cu2O15,0.0
BaCaCr,0.0
Nb6Te8Pb,0.0
Tb2Se3,0.401
TbNaO2,4.336
Ba2CdBi,0.0
Co4H,0.0
Mg3MoO4,0.0
CuTeSCl,1.038
HfAu9,0.0
NdCrO4,0.0
Mg2Rh,0.0
YbLiCu2P2,0.0
LiCrTe2,0.0
YSbRh2,0.0
TlBr4O,0.0
TaBe2Os,0.0
Sr3MnN3,0.0
Mn3O2F6,0.0
LiMo6S8,0.0
K3SbO4,2.069
Ba4VIr,0.0
PrSb2Pd,0.0
MgH2S2,3.3755
SrICl,3.874
Rb3BiSe3,2.001
UGa2,0.0
KB6,0.0
TbCuS2,1.263
CeCo4B4,0.0
NaErO2,4.5115
Li3Cl,0.074
Na2InO2,0.0
ErBO3,5.756
BeReCl4,0.0
BeHg4Pt,0.0
NdIn3,0.0
MnVCu2S4,0.0
HoGa2Ni,0.0
LuInPt,0.0
NdTa2O6F,3.151
MgPaZn2,0.0
Zr2BeCl,0.0
SiSbO2,0.0
Li2CaPd2,0.0
VMoO5,0.119
Ca2GdTaO6,3.503
RbPt,0.0
LiBe2Pd,0.0
ScBeIn,0.0
NaBe2Pb,0.0
InTeI,1.427
GaNi4Ge3,0.0
KBAs4,0.0
Zr3Tl2OF12,4.471
DySi2Pd2,0.0
YIn2Pd,0.0
Ba4CdW,0.0
InCuTeSe,0.041
ScFeGe,0.0
YGaPt,0.0
CaPI,0.0
NiSb2,0.0
Ni6Ge2B,0.0
BaLiIn,0.0
YbRbO2,0.0
Li3CoNi2O6,0.0
FeBO3,0.0
Be3Zn4Si3SO12,4.155
Zr2Ga,0.0
Nb6V2C3S6,0.0
Cr4CuO12,0.0
Sm2InGe2,0.0
HPbO2,0.0
KCu4As2,0.0
LiZrPd2,0.0
SmGa3Pt,0.0
BaNa2Sn,0.0
PaSi2W2,0.0
ScGePt,0.0
BeRe2Mo,0.0
LiCu2P2,0.0
TiAgSe2,0.0
MgNF2,0.0
Zr2Al3C4,0.0
CaSb5,0.0
SmSnPt,0.0
H5C8,2.34
Np3In,0.0
BAsP2,0.0
Bi2C3N6,1.324
SrPbF6,0.004
K4I2O,1.386
BaNaZr,0.0
SrZn2As2,0.218
Mn2BeCu,0.0
In2Au,0.0
Tb2AgIr,0.0
RhSe2,0.0
RbTe3Mo3,0.0
Mn28Tc,0.0
BeCrNi2,0.0
Ge2O3,0.777
Co5NiS8,0.0
Rb2HgO2,2.198
RbRu,0.0
AcSm3,0.0
Tb8Ga,0.0
Li3Fe4O3F9,0.013
NaMnAsO4,0.715
Nd3Rh,0.0
DyLu3,0.0
Ir3Se,0.0
TlSO,0.36
Ca4BeP,0.0
TaTe4Ir,0.0
NdSmHg2,0.0
Pd3PbC,0.0
FeSb2,0.0
Y3Ge,0.0
Ba3Na,0.0
NbTlO3,0.3429999999999999
CeTa,0.0
TlGeF,0.0
Pr3Hg,0.0
GaHCl2,4.542
K2NaInAs2,0.715
TbK2AgCl6,3.353
Si2Ir,0.0
Cu3GeS4,0.0
GaBr2,2.702
Er3C,0.0
MnTe,0.0
Cu3SnP4O16,0.0
Ca2H3Br,1.801
Rb2InSbCl6,0.585
TiSi,0.0
Na3MnSiCO7,0.668
InSb2S4Br,1.549
Ba4CdPt,0.0
CaBiAu4,0.0
Hf2MnOs,0.0
ThAl4C4,0.0
Al2CoNi,0.0
Yb3Hg,0.0
Be2CrHg,0.0
CaNi2As,0.0
Y2InCu2,0.0
La3ScAl8,0.0
HfGeS,0.0
ScU3,0.0
BaZnTe2,0.0
InTe3Mo3,0.0
CaSiN,0.0
Li6CuB4O10,0.877
ThAu,0.0
Ba3Hf2O7,3.685
AcAg2Pb,0.0
HfW,0.0
PaAgO3,0.952
ThFe4P2,0.0
LiVOF2,0.159
TaTe5Pt,0.0
CaGaO,0.0
TiMn,0.0
Pu7Pb,0.0
BeTlAs,0.248
NaCa4Be,0.0
KScAs2H2O8,3.993
Ac3As,0.0
Li2VO3,0.0
UBrN,0.0
SrBeCl,0.0
DyN3O10,0.928
SmSe,0.0
Be2NbBi,0.0
Te7Mo8S9,0.845
B2Mo2Os,0.0
MnBeCu2,0.0
LiMn3Fe2O8,0.0
GePd,0.0
V3Mo,0.0
BaCd2Sb2,0.0
Yb3Ir,0.0
Ba4Nb3Se12,0.0
AcIr2Pb2,0.0
Er2Te3,0.587
LiZr2Pt,0.0
VBi2,0.0
NaCuSO4F,0.266
Zr5CuPb3,0.0
LiTl2InCl6,2.884
Sm3SnN,0.0
K3SbN3O9F3,3.076
Tb8S,0.0
Tm2Zr2O7,2.496
BaZr2Tc,0.0
V2Cu3Bi4O14,0.105
BeTlSb2,0.0
LuZnSn2,0.0
TaI3,0.0
Tm2CdHg,0.0
YbNdRh2,0.0
Al4InAgSe8,0.683
CrBrO3,0.0
Li6NiOF6,0.0
Ba3As2O8,4.264
Pt3I,0.0
Sm3B,0.0
CrFeAs,0.0
CuH12N2Cl4O2,0.635
SbHCl,0.0
Pr2Al2Co15,0.0
SrVO3,0.0
KNaMg6,0.0
SmFeSi2,0.0
Ba2NaHf,0.0
NaSr,0.0
Tl2SO4,4.151
Li3TiNi2O6,0.0
TbBaMn2O6,0.0
SrHo2O4,3.784
LiCaBi,0.587
Na2BeIr,0.0
LiCuAg2,0.904
NaPr2Tl,0.0
Nb4NiSe8,0.0
CaOsN2,0.0
V2CoO6,0.0304285714285714
Na2MnPHO3F4,1.775
BaLiSn,0.0
Zn3WN4,1.275
CeAl4Ge2Au,0.0
Zr6Ga2Ni,0.0
NdDy3,0.0
BaLaSc,0.0
Na2V2O5,0.0
PbCl4,1.445
Ba4CrPb,0.0
Ac2CdGe,0.0
ZrNiH3,0.0
Th5Sn3,0.0
U3P4,0.0
TbCa3,0.0
Mg3Sc,0.0
CoB11,0.0
K2MnCl6,0.99
TlCr,0.0
AgSnRh2,0.0
Sc3OsC4,0.0
HfSiW,0.0
Ce2Zr2O7,0.0
K4BeP2,1.221
HgBr3,0.0
K2Mn2O3,0.054
TiFe2,0.0
K3NaS2O8,5.926
BeNbRh,0.0
Zr5Pb3,0.0
ZrInAu2,0.0
Tm2B6Rh9,0.0
UAs2,0.0
HfZrHg2,0.0
AuC5S4Cl4,0.054
Pu7Nb,0.0
Zr2Al,0.0
TaVH4,0.0
CeIn5Rh,0.0
P3BrCl14,1.713
HIO,0.0
Nd4Se3O4,1.567
SnBiO2,0.0
SrBe2Cr,0.0
PrGeRu,0.0
InCuSeS,0.03
Nb3FeS6,0.0
FePb3,0.0
ScCu2,0.0
S2I,0.0
SmCu,0.0
Li4Mn3Co3Sb2O16,0.0
Be3Nb,0.0
Na2AlO2,0.0
HfMoC2,0.0
MgSn4Ru,0.0
TbTc2,0.0
MnTePd,0.0
Ca2Cu,0.0
SmCd3,0.0
SrPrInO4,2.959
La2SbI2,0.0
BeInPd,0.0
Te8Rh3,0.0
LiTlF4,2.4882
LaGe,0.0
Mg7Mo,0.0
Ba2ScIrO6,0.0
ZnNi4O8,0.0
Ba2SrB18,0.052
As4PRh10,0.0
Ag3AuSeS,0.075
Pm2ErSc,0.0
Ta3AlCr8,0.0
Nd5CuSe8,1.006
TaMn2O3,0.0
MgGaRh2,0.0
Ca3AlSb3,0.344
Pr3IrO7,0.0
YNiO3,0.0
Rb2AlInF6,4.331
Li3Co,0.0
AlCdTe,0.0
Nd3GaN,0.0
BaAg,0.0
Li2CuSn,0.0
BaGe3Pd,0.0
LiFeF6,1.315
Li2Mn3CoO8,0.022
Ti3InC,0.0
LaI,0.0
TiH2,0.0
SrBeGe,0.0
K2RbLuCl6,4.567
PrNdZn2,0.0
Li4Co3Ni3Te2O16,0.0
Yb2SiO5,0.052
Rb2LiDyBr6,4.180999999999999
MgNbAs,0.0
FeNi2S4,0.0
FeClO,0.0
Ho4Ga16Co3,0.0
K3TaO8,3.232
TlV,0.0
Na2CoNiF7,0.3
Ti4Mn5V3,0.0
SrPrZnRuO6,0.353
Nd3NbSb5,0.0
Ca8In3,0.0
NaB2H5O6,5.278
CrPO4F,0.0
AuO7,0.0
K2LaCuCl6,2.155
K6HgSe4,1.351
YErHg2,0.0
WNCl,0.0
Sn2PClO4,2.911
Ga2P,0.0
VCu3Te4,0.551
EuI2,0.0
Be2Cu,0.0
Sc2InC,0.0
Rb2VO2F4,0.653
Ta2NbOs,0.0
Ca5CdN4,0.69
LaIn2Rh,0.0
Sc2BeIr,0.0
InRu,0.0
BaPu,0.0
AsS2,0.0
ThRu,0.0
Li3CN2,0.493
Zn2PdAu,0.0
PrMo6Se8,0.0
HfMnTl,0.0
YCuP2,0.0
Na10CaSn12,0.775
Pr6Ge3Se14,1.089
Ba4TlSb,0.0
CaGe2O5,2.581666666666667
NbAs5,0.0
ZrMnBe,0.0
CaPrCrO4,0.453
NaBeSe,0.0
BaNdInO4,2.566
NdInRh,0.0
HoCu2Ge2,0.0
NbSiAs,0.0
Er3Ag,0.0
CeGaAg,0.0
BeP4Rh,0.0
La3AlCdS7,2.347
ZrMnF6,2.343
RbZnO3,0.0
MnPt3,0.0
CoF3,0.0
DyCr,0.0
Mg3Fe3P4O16,0.075
LiEr2Ir,0.0
KPt2Se3,1.055
LiP2,0.0
CrFeB2,0.0
SbF3,4.626
AcBr3,4.186
Pr2Ni2I,0.0
Ce2Co12P7,0.0
CeSnAu,0.0
Er2Mn12P7,0.0
TbGe2Pt,0.0
CoBi2SO7,0.528
Eu3As4,0.0
TbLiTl2,0.0
TaMn2FeO6,0.0
TlTe3Mo3,0.088
KTiPCO7,2.849
Al2Sb,0.0
YbSiPt,0.0
NdB4,0.0
H2C4S,0.5096666666666666
Ba2GaP4HO14,5.454
LuSnPd,0.0
V4CrCoO12,0.0
H7SN2O4,5.613
NbCoAs,0.0
K2Si3SnO9,4.08
YbMnCuP2,0.0
KBa2Nb3O9,0.0
Li4Mn3Nb3Sb2O16,0.0
Yb3TlC,0.0
NaV6O11,0.0
BaZr4Cu,0.0
NbSeI3,0.589
Y2BeSn,0.0
SrLa4TiAl4O15,2.602
Mn28Ge,0.0
HgN3,2.189
SiN,0.0
Ba4VRu,0.0
NiBi,0.0
NiAsRh,0.0
Mo8P5,0.0
K2LiTlF6,3.503
BaRu2Cl,0.0
Hf2BiB,0.0
SrLiAlSb2,0.0
Rb2NaNdBr6,4.004
TmNiSb,0.228
Ba4TeIr,0.0
NaAl2Ga2,0.0
Rb3GaCl6,3.458
NaNb2O4,0.0
BaCdIn,0.0
Ca3Ge2Au9,0.0
Er4MgRh,0.0
CIClF4,2.32
BeVIn,0.0
Ba4ZrN4,0.922
Pr3Pt,0.0
K3AsCl6,3.45
RbCdBr3,2.78
YErAg2,0.0
MgCoO3,0.0
Tm2IrRh,0.0
YbIn4Pd,0.0
CIF7,4.684
Ag2CO3,0.5695
AlPN,0.0
KCrAg2S4,0.0
Ca2Bi2O5,1.528
LaZnPd,0.0
CeSi2Ru3,0.0
KLa,0.0
BCN,0.626
Be2RuBr,0.0
CaTaTc,0.0
Li2Au,0.0
CoSi2N3,0.35
K3Be,0.0
TbNi4B,0.0
NaLa,0.0
GeCl4,3.744
BaP2Ru,0.0
YbCuBi,0.0
BaTlSe,0.0
KHCO2,4.305
DyN,0.117
Ba2TlBi2O7,0.0
HoGeRh,0.0
Er4Ga16Co3,0.0
Fe3Pb8F24,0.148
HfH2C3O4,2.41
La3I,0.0
RhCl2,0.0
AsPd6Pb,0.0
NaNd2IrO6,0.0
Ca2YSnO5,2.543
BeIr3,0.0
YAsO,0.0
Mn6C,0.0
LiAs2Rh2,0.0
ZrSbRu2,0.0
Na2SmPCO7,4.544
Ce2MgCu2,0.0
Li4Cr3NiO8,0.0029999999999999
Be2Cl,0.0
Rb12Sn2Bi6O,0.022
NaPN2,4.866
LiAlRh2,0.0
Sr2CoO3,0.0
Ca5CdCu2,0.0
MgNiF5,0.202
ScGa2,0.0
Rb2SiAs2,1.123
Bi4Te3,0.034
AsIrBr,0.0
K4CdCl6,4.06
MnI2O6,1.1085
H3Pt,0.0
Sr2VW,0.0
Pr3C,0.0
BeNb4Ni,0.0
Sb2S2O,1.341
Hf2Se3,0.0
Be2FeSn,0.0
BaBiIO2,2.983
NaGe2Ir2,0.0
ZrZn4N4,1.063
YbMgGe,0.06
Mg3WO6,3.081
TbAlGe,0.0
HoLuZn2,0.0
Pr3Ti,0.0
Mg6TiFe,0.0
Sr2CdAs2,0.597
NaCr2BiO6,0.0
Ce3IrI3,0.0
Pt3O,0.0
Nb2Cr3Si3,0.0
SmDy8,0.0
Be2InPt,0.0
Ni2SbTe,0.0
KCu3S2,0.563
MnInPd2,0.0
BeGaGe,0.0
Sr2MnGaO5,0.0
TlPPbS4,1.995
Ba2ScFeAsO3,0.0
Zr2CoOs,0.0
Er3Si2Ni6,0.0
LiSnHg2,0.0
Nd3Si6Pd20,0.0
ErMg,0.0
RbZrF4,0.0
Sr3AsP,0.046
Li2PdAu,0.0
YZr4O9,0.0
Tb2SnS5,0.106
SrAlTe,0.0
Tb2InGe2,0.0
KSmMo2O8,3.3005
Li3Mn3CoO8,0.0
CdPt,0.0
MgNiF3,0.0
Y3Sb,0.0
CdAg2I4,1.611
Be2VRh,0.372
Dy2MgGe2,0.0
PrAs,0.0
Si2P4Ir,0.0
CaBePb2,0.0
Ta3B2,0.0
Ba4ScCd,0.0
Tb2LaRuO7,0.182
PrBi2IO4,1.357
TlBSe,0.0
BeCrFe2,0.0
Ba4VTe,0.0
VFeCoSi,0.0
LaHg,0.0
ZrCCl2,0.0
YbAs3,0.0
Ni3TeO6,0.176
Be2OsCl,0.0
CClO,0.0
Mg2SiSe4,2.096
ZrSiSe,0.0
TlPF2,0.0
HfAlFe,0.0
La6Mg23P,0.0
Li3AlFe2O6,0.035
LiMnBe2,0.0
BaAl4,0.0
IrCl2,0.0
NdNi4B,0.0
HgBi2S4,1.042
TiZn2IrO6,0.0
Tc3Rh,0.0
NbFeSi,0.0
P3Cl,0.0
Ta2InCuTe4,0.0
LiZnFe10O16,0.0
MgFeS,0.0
Ca2Pt3O8,1.082
Be2NbRu,0.0
ZrTiNi2H2,0.0
LuB2C2,0.0
AgBC4N4,4.285
AcCo2Ge2,0.0
NaZrBe,0.0
TiNbRe2,0.0
MnFe5O8,0.0
UCu2P2O10,0.005
Pa3Zn,0.0
K2S2NO7,2.1
Li2MgCu2Si4O12,0.609
ZnGaPS,1.6
KMgF3,7.682
TiNb3Se6,0.0
Li2Ti6O13,2.913
BeFeBr4,0.0
KV2AgO6,1.864
K3S,0.0
CeSi3Ru,0.0
Rb2ReF6,1.555
Mg2MnAl3S8,0.0
ZrAu4,0.0
Li4CaB2O6,5.135
CuTe2Cl,0.479
W2C,0.0
BaAl2Sb2O7,3.526
BeFe4Si,0.0
NpGa2,0.0
Ce6Mg23P,0.0
Tb3Bi,0.0
BaSr2Ca,0.0
Si7Ge,0.486
Mn2BeTc,0.0
MoPd2Rh,0.0
NdCdAg2,0.0
AsPb3,0.0
LiV2Si2O8,0.0
Cr3As,0.0
Be2HgW,0.0
TiFe2Bi2PbO9,0.0
U3O8,0.0422499999999999
CuB4O7,0.363
ZrCu2Si2,0.0
BaEuFe2O5,0.0
Ir3Se8,0.0
Ba3ZrRu2O9,0.0
BeSi2Ge,0.0
K3GaF6,5.998
Rb2YHgCl6,0.0
Ta2NbRu,0.0
Ta2Pd3Ru3,0.0
MgCu2As,0.0
Zn3Bi3N5,0.455
NdSnIr,0.0
MgVAgO4,2.179
HfSbRh,0.0
NbCu3Se4,1.344
TaB11,0.0
Li2FeS2,0.0
CaV2N2,0.0
Li8V,0.0
YbAl2Cu,0.0
Ba4MgPd,0.0
LiHg2Pd,0.0
ThS,0.0
LiAl,0.0
K2NaSbF6,4.135
Cu2Ag2O3,0.0
Be2SnSb,0.0
Tm3TaO7,3.4370000000000003
NaNiF,0.0
Yb2LiCd,0.0
AlSbO,0.0
RbMg6Fe,0.0
NaLuTi2O6,2.444
CeGa3Ni,0.0
Tb2Si2O7,4.826
ZrCoSb,0.0
HfAsRu,0.0
NbFeAs,0.0
Ce3Be,0.0
Al4Tc,0.0
PmErTl2,0.0
ZrBeIr,0.0
Pd3S,0.0
Ba4CdOs,0.0
TiTl2Cl6,1.954
B11Au,0.0
Cd2TeSe,0.279
Pu3Ru,0.0
NaLaCuTe4,0.0
K2CoH4Se2O10,0.328
Ca3As2,0.141
BeZnBr,0.0
TmLuAu2,0.0
MoAsPd2,0.0
Li2MnCr3O8,0.0
Dy2SbO2,0.0
Rb6CdO4,1.356
Rb2LiVO4,3.769
CaMg2In,0.0
HoHg,0.0
Ca3B2O6,5.27
Sr2LiN,0.0
BaLi2Cu2,0.0
K3B6BrO10,5.383
Li6MnCrP2C2O14,0.8465
SrCo2N2,0.0
YbGeAu,0.0
Ba4MgZr,0.0
TmTlS2,1.433
YZrBe,0.0
PaCdPt2,0.0
Yb3Be,0.0
LiMg6Ga,0.0
NiH4C2S4N2,1.247
Te2Mo3Se2S2,0.017
Tm4B6O15,4.956
ScBe,0.0
Ho6Zn23,0.0
Sr2NiTeO6,0.9666666666666668
NaCaVO4,3.5563333333333333
NaMg4As3O12,3.484
LiBi3I2O4,1.9695
YbLaPd,0.0
ZrVCo,0.0
NdRu3,0.0
Er2Pt2O7,1.591
As2PbO4,2.809
Ho2CdOs,0.0
PH2F3,6.6530000000000005
ZnSiO2,0.0
Ti2ZnTc,0.0
LiAlCrO4,0.126
PaPt3,0.0
Sn4P3,0.0
ZnH8N4Cl2,4.84
Li7Mn3W2O16,0.094
TaTe4,0.0
CoNi2Se4,0.0
ScInCu4,0.0
CdPCl,0.0
Pr4MgRh,0.0
Rb3PdF6,0.0
PrI3,1.585
NaCdSb,0.0
Sc7Cl12,0.0
Na4NpO5,0.77
YbInRh2,0.0
ThSi2Tc2,0.0
SnAsIr,0.0
CeB2C,0.0
AlBiBr,0.0
Ba4Y2Cu6O13,0.0
Hg2MoO4,1.7795
TmGe2Rh2,0.0
YRh5,0.0
Li5Fe2Cu3O10,0.0
Nd2CuO4,0.0
BeRhPb,0.0
TbLi8O6,0.0
Cr2OF2,0.7075
SrCo2P2,0.0
Sr3Er,0.0
HoTc,0.0
Pm3Sc,0.0
LiSmCu2P2,0.0
KNaBe2,0.0
NiSb2O6,0.306
Ba3NaRuO6,0.509
Dy3Zr,0.0
Pr3TaO7,3.412
Na2VPCO7,0.051
Co6Mo6C,0.0
PuIn,0.0
La2Al6CuAu,0.0
Hf2VTc,0.0
CSF,0.0
HoMo6Se8,0.0
NdInCu,0.0
SnHgO3,0.0
PrNiO3,0.0
Nd3CuSiSe7,1.459
Mn28Bi,0.0
Y2ZnCu,0.0
VFe3,0.0
Zn2PO5,0.0
Pt3S,0.0
TlBi3F10,4.518
CrPdO2,0.0
Pm2InPd,0.0
CaTiSi2O6,0.0185
H8C12SO,1.919
Ba3B2N4,2.514
NdInNi,0.0
Fe4C,0.0
BaTeSe2,0.0
HgH8C2Br3N,2.45
Ba4TiBe,0.0
Na5SrNbP4,1.306
HoInPt4,0.0
ErSbPd,0.214
K2NaNdBr6,3.803
LiV2S4,0.0
ZrPd3,0.0
NaFeSO4F,0.044
NaC4N3,3.616
YbEr2Se4,1.096
NdRh3,0.0
TmMnO3,0.0075
Ba3BiCl3O3,3.757
RbAuCl3,0.0
Na6SbO5,0.0
TbAs,0.0
CrAsPt2,0.0
PrAgGe,0.0
BaSn5,0.0
Li2PdPb,0.0
CeAsPd,0.0
Rb2GaHgF6,0.0
PrCdGa,0.0
Mg7W,0.0
ZnFe2S4,0.0
Ba2VMoO6,0.0
B2Mo2Ru,0.0
CaIn2Te4,0.773
TiBeBr4,0.0
TaTiGaO6,1.759
NaSiS,0.0
TmCoGe2,0.0
CsNiF3,0.0
NaLaBe,0.0
MnGaGe,0.0
BaCu3,0.0
BaLiCa,0.0
CaB2H,0.0
Li2Al2Si4O13,1.166
Tm2CdOs,0.0
TbAl8Fe4,0.0
Pu7Se,0.0
ErAu2,0.0
Er3SnC,0.0
Li3MnP2,0.0
ErBRh3,0.0
TbKMo2O8,3.268
CeY4Zn5,0.0
Li2Cr2O7,1.16
KSrVO4,3.6435
BaCuSeO,0.0
K4Na2TeO6,2.47
Pm3Ge,0.0
MgGaAu2,0.0
CoAu3,0.0
Sc2InAu2,0.0
CoGe,0.0
ThSiPt,0.0
Li4Ni3O2F6,0.373
HfB2,0.0
Li2TiCoO4,0.0
TaSeN,0.0
NbAsAu,0.0
MgPPt5,0.0
Li4ZrF8,6.197
SnPbN2,0.039
NbInPb2O6,2.673
Be2IrRh,0.0
Ho2CoOs,0.0
Y5Ge2Sb2,0.0
Hf2BeTc,0.0
EuGe2Ru2,0.0
SiTe2,0.0
Dy4InIr,0.0
CoN6Cl2O2,0.685
PF,1.795
NaBH2,0.0
TmGa4Ni,0.0
CeCdGa,0.0
RbLiMoO4,4.534
BeSn2Pd,0.0
Th2Ga,0.0
VHO2,0.0
ZnCrO4,2.067
Sm3CuGeS7,1.78
CeAlPd2,0.0
TaB,0.0
MgZn2As2,0.107
La4H9,0.0
ErMgAu,0.0
PaRh3,0.0
YGeIr,0.0
BeTlFe2,0.0
AgBO4,0.0
Na2PRuCO7,0.0
Er2Se3O12,2.375
Ga3Pd5,0.0
Cu2As2O7,0.0
AgBi6S9,0.0
Be2CdCl,0.0
PuUC3,0.0
CaFe2N2,0.0
SrAgAs,0.0
Ba4InIr,0.0
Sr6Rh5O15,0.0
Ga5Rh3,0.0
Li2CrS3,0.0
BiWO3,0.0
ThNi2H2,0.0
TaAsRh2,0.0
YbF2,6.992
Ti4AlN3,0.0
Sc2MnSi,0.0
H2N,0.0
RbTl2Pt,0.0
Ca3Rh,0.0
Mn3Co,0.0
Rb2TlPdF6,0.0
CoMo,0.0
NaSi2Pd2,0.0
V4Ru,0.0
LiGaSiO4,4.212
CaBePt,0.0
TcAsIr2,0.0
MnGaPt2,0.0
Hf2P2O9,5.029
TbCu4Au,0.0
Rb3TlO3,1.582
BaSi2Pt2,0.0
MnBe2Pt,0.0
ErTlO2,1.508
Pt3Au,0.0
SrLaCuO4,0.0
BaEr2CoO5,0.0
Ba4TcSb,0.0
KMg3O4,0.0
Sr3CaSi8,0.0
PtPb2,0.0
Ce3Zr,0.0
YbZn2,0.0
Yb3Sm3S8,0.0
Ti2AsP,0.0
Ba4MoPd,0.0
BaGaO2,0.0
NdEr3,0.0
BeInHg,0.0
Au3F8,0.555
U2Fe3Si5,0.0
LiMg4Si2,0.0
TiAg,0.0
U6Si11O,0.0
MnHg3,0.0
TaGaBi2O7,2.076
KFeO2,0.0
Zn3GaB6PO12,4.166
LiZrAu2,0.0
IrS31,0.225
Cr3GeN,0.0
CaV4Co3O12,0.0
KNaZnO2,2.082
Mg2VO4,0.0
YbPmAg2,0.0
CdSbSe,0.0
MgV4O8,0.0
GeSb4Te4,0.091
Hg6BiSb4Br7,1.0
Rb3AlI6,2.092
LiMg2Ru,0.0
LuAgSn,0.0
RbAu3Se2,1.663
SrCo2As2O8,0.0
SrZrP2O8,4.316
Ga3Te,0.0
KErS2,2.362
Tm2ZnIn,0.0
NpSb,0.0
AlBi3,0.0
ScAgHg2,0.058
Zr3Sb,0.0
TmSi2Pt2,0.0
Sc2HgOs,0.0
Mg3O,0.0
AcDy3,0.0
MgInSe3,0.0
Er3Ta,0.0
ThTa,0.0
Nd2Sn5,0.0
LiHo2Ru,0.0
Li4Mn3NbO8,0.0
U7Mo,0.0
BeTl2Cu,0.0
SnTe3,0.0
CeMg6Cu,0.0
Ba3BPO3,1.324
DyTiClO3,3.176
K6Co2O5,0.008
SrAsO3,0.0
BaN3Cl,4.1
Tb2Ti2Fe22H,0.0
HoLuRh2,0.0
ScGeRu,0.0
LiTi3Se6,0.0
Er7Te2Au2,0.0
BaEr2F8,7.471
Zr2Rh,0.0
Nb2Ni4O9,0.135
Pr2Ru2O7,0.0
Co2OF3,0.0
TiBrO,0.0
YScB2O6,4.61
EuSe,0.0
SbH4NCl6,1.831
NbTeCl9,1.989
U3Mn,0.0
Li4V2Ni3Sb3O16,0.0
MoPt,0.0
Sr4MnRuO8,0.0
Sc2CoGe2,0.0
Sr2CuWO6,0.0
K2TlCuBr6,0.0
BeCdPd,0.0
TlV5Se8,0.0
MoP3,0.0
Ba2InCuO4,1.386
SrMn2Sb2,0.0
BeSbMo,0.0
Li5Si2NiO8,0.512
TiPCl9,2.245
LaAl3O6,4.003
BPt3,0.0
Li2Mn3SnO8,0.0
TaSiTc2,0.0
FePHO5,0.0
Li3Cu3P2O8,1.185
Ba2YCu2HgO7,0.0
Mg6AlW,0.0
CdCu2,0.0
BeInCl,0.0
YbLaGa,0.0
Mn4Sb3As,0.0
NiMo4O15,0.0
Li2AlN2,0.0
Yb2Pb,0.0
CaOsO,0.0
Mg11Mn2O13,0.457
LiNiN,0.0
BiTeIO3,2.358
NbF,0.0
NdCo9Si2,0.0
Zr2Au,0.0
TiMo2S4,0.0
Sc2AgSn,0.0
ErFe2Co2B,0.0
Nb2FeS4,0.1
As2SeS2,0.922
Na2H4Pd,2.585
ErSe2,0.0
NaMnF,0.0
K4MnMo4O15,1.569
PIr3,0.0
Co2SnO4,0.0
TaAlZn,0.0
BaVBr2,0.0
Be2TlCu,0.0
LiAlGeO4,3.253
Tm2HgOs,0.0
PrHgPd,0.0
CuBiP2Se6,0.574
BaCaAlF7,7.443
La2HgRu,0.0
PdSe6Cl2,1.01
Ho2ZnAu,0.0
BaMnF4,2.046
PrLuO3,4.998
Cu2SnSe4,0.0
AsPbO2,0.0
TlPd5Se,0.0
BaAlSi5N7O2,4.084
Nd3InN,0.0
KCo2Se2,0.0
NaSr3SbO6,3.153
Zn2NCl,2.072
K2TlInBr6,1.456
Be2InSe,0.0
CeCo2Si2,0.0
Ta3CrS6,0.0
NbIr,0.0
LiMg2Be,0.0
Dy3Te3N,1.122
Fe3Pd,0.0
Ti2MnIr,0.0
LiBeFe2,0.0
USbPd2,0.0
K2HgTe,1.818
SrHo2S4,1.781
HfScAu2,0.0
KTaB2O6,3.707
CuIO4,0.394
CuWO3F2,0.604
LaY2Be,0.0
Hg3Pd,0.0
TiVO4,0.0
PrTe,0.0
Rb2TlIrF6,2.215
Al3C,0.0
Nd3I,0.0
NaCa2As,0.0
Ca4P6O19,5.467
Al4Si,0.0
NpSi3,0.0
K2TaAgS4,2.55
TaWSe4,0.0
ZnSO4,4.293666666666667
BaSnS,0.0
MnBr3,0.0
BeFeP2,0.0
BaP2H4O4,5.241
Li2FeSnP2O8,0.327
BeVPd4,0.0
PrP2Rh2,0.0
TaTcPb2,0.0
DyMgAu,0.0
KNa2As,0.707
CoBr,0.0
Ba2As6O11,3.047
Tb2CoSi2,0.0
HoTmCu2,0.0
ThCuPO,0.0
LiB6H10O2,5.7265
Nb3Se5Br7,0.818
Zr2BeSe,0.0
MgVS3,0.0
CaAlSiO5,0.302
MnSiN2,0.52
WO2F,0.0
DyBi,0.0
BiP4HO12,5.093
ZrAlMo,0.0
Hg3Ir,0.0
P2W,0.0
Ca2ZnTe2F2,1.602
LaPbNO5,2.047
Ho2InAu2,0.0
CaAlH5,3.347
PrGaPd2,0.0
DyErTl2,0.0
Sr2CaSn5,0.0
YbThZn2,0.0
Li2V3F8,1.026
LiCdAg2,0.0
HoB2Ru2,0.0
Li3CeSb2,0.0
TiAl,0.0
NaCu2H3S2O10,0.437
KRb2RhF6,2.173
KCo2P2,0.0
LiSmIn2,0.0
Na2HgAsF6,0.0
CrMoAs2,0.0
ThMgHg2,0.0
TlGeTe,0.0
SrSnH,0.0
Ca2MgPd2,0.0
DyPd2,0.0
Mg7Ti,0.0
TiAlF5,0.0
SnBrF2,0.0
FeTe2,0.0
Cr2MoW,0.0
V4O3F5,0.1025
TiP2O7,2.28
K3Ge4Au,0.795
Na2ZnGe,0.0
YbMg2Bi2,0.482
CrCoO,0.0
Ag4Hg4S4BrCl3,0.984
GaCuPd2,0.0
Na2ZnO2,0.424
Na3GaCl6,2.884
BeTl2Ga,0.0
SmI3O10,0.822
SrP2Os2,0.0
Cr5Sb3O16,0.0
Mg6NbW,0.0
MgTa2Be,0.0
Ba4TiBr,0.0
Pr2CdHg,0.0
YbLu2Se4,1.132
ThIn2Br6,2.828
UCuAs2,0.0
InNiAu,0.0
MnBeBr,0.0
Ca3Y3N5,0.849
Be2CoSi,0.0
Ba3HoIrRuO9,0.0
TcAgO4,1.435
CeY3S6,0.0
KNaS2O7,5.722
Sm3Mg2WS8,0.0
LuInRh,0.0
BaHgSb,0.0
HfCo2Sn,0.0
Sr3TeO6,3.358
NaHf2VF11,1.617
BaCe3,0.0
AsP2W,0.0
DyMg2Sb2,0.0
Ca2TaBiO6,1.854
VGa3,0.0
BH3OF4,8.097
BeRh3,0.0
ZrBe2Cd,0.0
Br3F,1.411
LiMn2P2H4O10,0.0
KSnSO4F,3.897
Ba2TeMo,0.0
NaCa2Rh,0.0
AsRuBr,0.0
TaBeIr,0.0
NaSnO,0.0
In3GaTe4,0.007
Sr2CoSO3,0.0
NdBRh3,0.0
SrCu,0.0
P3Pt,0.0
HoZn2Pd,0.0
BeTcNi,0.0
La2ZnRh,0.0
ZrBeW,0.0
Ag2H2IOF,1.048
ZrBeTe4,0.0
LiAlSi3O8,5.3
DyInCu2,0.0
YbBa2ReO6,1.947
CuHClO,0.0
ZrBe2As,0.0
YAlPd2,0.0
Cu2SnS3,0.0315
CaTaO,0.0
ScSiIr,0.0
NiB,0.0
AgPd2Au,0.0
EuMoClO4,2.617
NaZr2PdF11,1.207
Sr2Bi3,0.0
HoBr3,2.561
La2CoO4,0.0
Sr4Sn9Au7,0.0
Mg2Nb2CoO8,0.0
NdP12Ru4,0.0
BaNd3,0.0
TiBe2Pd,0.0
SbAsO5,1.956
RbLa2TaTi2O10,2.121
ErMoClO4,2.5235
DyGe7,0.0
YFeNi4,0.0
Al2CrIr,0.0
La2Al3Ge,0.0
TbGa2Rh2,0.0
TbB2Os2,0.0
KPd3,0.0
Nb3GeS6,0.0
Be2RhPb,0.0
Pm2AgPt,0.0
Be2HgMo,0.0
BaSrIn,0.0
CrCuO4,0.0
B2IrCl,0.0
TiCu3P4O16,0.0
LiMn2B2O6,0.0355
KAl4Fe3H2O12,0.0
Sr3B2O6,4.847
DyRu2,0.0
ErGaNi,0.0
Na2SnTeO6,1.423
Tl2PdCl4,1.092
LuScB2O6,4.612
Pm3Si,0.0
BaSr2Mg,0.0
ThBi2,0.0
CrCo2Se4,0.0
In3Pd5,0.0
Li4Mn3V3Cr2O16,0.0
Si3F,0.0
EuCdSn,0.0
V3C2,0.0
Li4Cu3NiP4O16,0.015
Dy2CoPtO6,0.0
NaCo3,0.0
SrBePd,0.0
Tm2NiRu,0.0
Tb2BiO2,0.0
MnIr3,0.0
NaAcTe2,0.726
Rb12Sn2Sb6O,0.096
Er2Si3,0.0
LiBi3O6,0.0
Li6FeNiP2C2O14,0.066
MgPbF6,3.047
Li2V4CrCuO12,0.337
LiNd2Ru,0.0
BeSnPb,0.0
Zn2NiIr,0.0
PrPbAu,0.0
Sr2NdTaCu2O8,0.0
LiTiS,0.0
ThCo2As2,0.0
LuMn4Cu3O12,0.0
YNiGe2,0.0
Ba2HoSbO6,3.671
H6CN2O3,4.52
NdCuGe2,0.0
Pr2InAg,0.0
BeCrCo,0.0
Li10Mn3F16,1.984
LiBeV2,0.0
Dy2TlHg,0.0
HfGePt,0.0
CaSnS2,0.715
KBaCd,0.0
Ho3Ir,0.0
Mg2MnIrO6,0.0
ThB2C,0.0
NaAlGe,0.0
La3Ta2N6,0.0
Sm2PbS4,2.22
Y2BeSe,0.0
OsSe2,0.0
DySi,0.0
La2InPb,0.0
BaNbS3,0.0
YIn2Au,0.0
Tm2MgIr,0.0
LiBi2,0.0
ScBeBi,0.0
CeMg6Cd,0.0
Ta2RuW,0.0
Ta2BeCu,0.0
Sc2GaOs,0.0
MnSbRu2,0.0
ScBPd3,0.0
ErMgHg2,0.0
Nb2VAs,0.0
La5Pb3,0.0
DyFeCu,0.0
TbTm,0.0
ZrTiBe2,0.0
ZnHg3Se3Br2,0.779
Sm2C3N6,2.436
TaGa,0.0
BeNb4Sn,0.0
Na2CrO4,2.647
Li2RhAu,0.0
NdPaO4,2.834
Mg3B,0.0
HoZnSn2,0.0
Li4TiCo3O8,0.0
TePd,0.0
NdHg3,0.0
InBr2,0.0
AgSnF6,0.385
ZrBr3,0.0
Y3CuSiS7,1.788
SmFeP,0.09
Li3Mn3NiO8,0.0
Tb2AlCu,0.0
Tc2GeAs,0.0
Ti5Ge3,0.0
NaGaHg2,0.0
NaHPt,0.0
TmHfCo2,0.0
Hf3Sc,0.0
ErCdPd2,0.0
Li8Bi2PdO10,0.839
Na3Cr,0.0
Ta3Os2,0.0
TaZnOs2,0.0
K2TiCuF6,0.0
CaPrCd2,0.0
NaInSe2,1.001
Dy8Br,0.0
YbYPd2,0.0
PaSb2,0.0
TlFe2S3,0.015
SnC2S2N2,2.479
Na2IO6,0.243
CeN,0.0
LiSiCu2,0.0
Mg2AgRh,0.0
Fe3Si2O8,0.0
BeFeOs2,0.0
LiBF4,8.749
CaCdAu2,0.0
RePCl9,0.817
BaBe2Te,0.0
BaLi2Mg2Ge2,0.0
TbB2Ir3,0.0
Cd6Co5O15,0.0
Pr5NiPb3,0.0
ErIr,0.0
ZrTc2W,0.0
AsNF2,0.803
CeAl2Ag2,0.0
LaZnAgAs2,0.181
SmZnCuP2,0.0
ZnSb2,0.0
AsP2,0.0
BaAlSi,0.0
BS3,0.0
CeSmZn2,0.0
NdNi2B2C,0.0
BaMgP2O7,5.65
HfGaRh,0.0
EuZn2Sn2,0.0
Ba2BiCl,0.992
BaCd2,0.0
InAgSe2,0.028
AlCo2Ni,0.0
LiCrN,0.0
Li5BO4,5.779
KBe2Tc,0.0
DyH2,0.0
Ca2AgGe,0.0
CaIn2Ga2,0.0
Cr2Se3,0.0
BaHg,0.0
Ba3ScN3,0.122
KBaTi,0.0
Pr3Sb4Au3,0.564
ZnGaNO,0.359
Mg2Cr3O8,0.0
NaBi3I2O4,2.002
AlCdO4,0.0
ZrBeNi4,0.0
LiFeCuS2,0.0
ZnGa,0.0
NaScBe,0.0
NdThMg2,0.0
LiFeSbO4,0.0
Y2CdSe4,0.601
CrP2O8,0.0
Sc2CdIn,0.0
HfB4Ir3,0.0
Sm2Ti3Bi2O12,2.056
RbHS2,0.0
RbCa3,0.0
Tm3Mn3Ga2Si,0.0
B11W,0.0
K2TcI6,0.731
Ta4C3,0.0
ZrTlCdF7,5.128
Mn2ZnS4,0.0
Ca4TiBe,0.0
TiNiO6,0.0
Ca2Mg,0.0
Ga3Co,0.0
ZrMoAs,0.0
HgPd,0.0
TlAgTe2,0.0
Rb2TlHgI6,0.0
In3Si,0.0
Pr3Pd4,0.0
Er3OF10,0.163
SmHoRh2,0.0
Li2PrGa,0.0
SmSbRh,0.0
LiYO3,0.0
FeBiO3,0.0
BH5CN2,5.385
Li4VCr3O8,0.0
BaNaB,0.0
NdSm3,0.0
Be2TlCd,0.0
Tl2SnTe5,0.0
YbCa2RuO6,0.0
ZrTa2N3,0.0
P3Pd,0.0
Al6W5N16,0.986
LaSb,0.0
Fe8Se7,0.0
Ba2YCu3O7,0.0
Be2PtPb,0.0
Ti4Al11Zn,0.0
MnS2,0.0052
Y2Mg,0.0
RbVCu2S4,1.107
Ac3C,0.0
Sc6Te2Ir,0.0
Ba4SnSe,0.0
ZnCoP2O7,0.014
TlBrO,0.0
Li2MnCrP2O8,0.213
TbFeGe2,0.0
K2AgBiCl6,1.731
TcMo,0.0
PrPt3,0.0
Ba4CaRu,0.0
RbTmBeF6,7.662
Pr3Co11B4,0.0
NaZrO,0.0
Np2InPt2,0.0
TaMn2Nb,0.0
Nd3B2N4,0.0
La3Ir,0.0
Mn2VPO7,0.479
Hf2BeCu,0.0
Sr2SmNbO6,3.197
TlCuPO4,0.0
ErAgHg2,0.0
DyFeB4,0.0
YbZnRh,0.0
ZrScPt2,0.0
Li4Ti3Cr3W2O16,0.0
ReAg3,0.0
FeNi2BO5,0.0
LiScSi2O6,4.984
In2Ni6C,0.0
BeRuBr,0.0
Zr3Ga,0.0
TiBeBi2,0.0
SmZn2Ag,0.0
Si3P3Rh,0.843
TlCl2,1.948
CaNdAlO4,3.173
K2CaN4O8,2.013
BaNbO2,0.0
RbCu2Br3,1.874
Ce2ZnSb4,0.0
Ba4TlW,0.0
K2MgH4,3.964
Tm3Co2Si3,0.0
Rb2LiTaF6,0.0
CaBiB,0.1
Mn2TeSe,0.0
Li3Ga2,0.0
HoGe2Rh2,0.0
LaAsPd,0.0
Rb2Si3SnO9,4.134
BeCr2Si,0.0
Tb6Al3Si,0.0
HoScAl2,0.0
ZrIr,0.0
Sr3Nd,0.0
TmAl10Fe2,0.0
Ac3Tc,0.0
TaZn2,0.0
Cr2Fe3N4,0.0
TbSi2Pt2,0.0
SmYAl2,0.0
Li5Mn3O5F3,0.0
MoRu3,0.0
KFe2As2,0.0
KBaBe,0.0
Ir3Rh,0.0
Pr2FeSi3,0.0
YbCrSb3,0.0
AlTeI,0.0
ErMn12,0.0
YNi4P2,0.0
V2OsW,0.0
Bi5W,0.0
Ca3Si3Ag2O12,0.0
Th2CN,0.0
BeSi2Pb,0.0
HfBr2,0.0
Nb3Os,0.0
RbYF3,0.0
CdI,0.0
SrPtO3,0.0
TiGaPd,0.0
K2YTlBr6,3.134
Yb3S,0.0
CePt2Au3,0.0
YGe2Ir2,0.0
Li2Co2Si2O7,0.221
MgZn2N2,0.46
Hg3SO6,0.597
BaCuO2,0.0
Sr2NiClO3,0.0
KZn2As2,0.0
KBeNb2,0.0
UW3,0.0
Ba2ZrO3,0.0
SrTeO4,2.318
SiNi2,0.0
CaNi4O8,0.0
SrAgTeF,1.455
Li4V3Cr3O12,0.0
HoF3,8.087
Ba4HfGa,0.0
YHoCu2,0.0
Li8PO3,0.0
Rb3Al,0.0
MgAlSe,0.0
TmO2,0.0
Y3Al3NiGe2,0.0
AlNiO3,0.0
BaSiTe,0.0
MgTiGe2O6,1.943
CoSb2Br2O3,0.367
BaGaCl2,0.0
Ba4TaIn,0.0
Mg2CdAs2,0.482
IClO3,0.0
K2NaTmCl6,5.05
AsPO2,0.0
Pr3Ag,0.0
TmGa3Ru,0.0
SrClO2,0.0
DyNiSb2,0.0
DyAgHg2,0.0
Ba4PdW,0.0
VCo2Sn,0.0
Rb3AsCl6,3.407
K2IrI6,0.0
NaEuAsS4,0.0
InHO,0.012
Ba2NaSn6As6,0.0
Na24In5O15,0.0
AuI,1.404
Na3CoBSO7,0.0
BaMg2Mn,0.0
BaBi3,0.0
RbTeO3,0.0
VN2Cl6,0.0
TlCdF3,3.992
K3NaSn3Se8,1.322
Al2Cr2O7,0.0
TlH4NCl4,2.128
V2TcOs,0.0
LuScFe2O6,0.0
EuBrO,4.414
LaZnAsO,0.576
NaYSi,0.212
HfNi4As2,0.0
BeFe2Se,0.0
TlHgSb,0.0
AlV4C3,0.0
PrMn2Si2,0.0
Mg2Zn,0.0
Th3Au4,0.0
SrFe5N4,0.0
Er2PdRu,0.0
La3PrMn4O12,0.0
RbCuF,0.0
NaCu3Ru4O12,0.0
CoNi,0.0
Tm6FeBi2,0.0
Li2InIr,0.0
TiCo4N4,0.0
CaAlCuSi2O9,0.055
Er2CuIr,0.0
SrTaH,0.0
Sc2GaAu,0.0
NbGeAs,0.0
Pr2AlCd,0.0
BaCo2Br,0.0
NaTl3S2O6,3.033
Ba2ZrInO6,0.0
NdScGe,0.0
InBF2,0.67
Zn4B6O13,3.611
ErFe2Si2,0.0
Na4NF,0.0
Li2ZnPd,0.0
Zr6CoSn2,0.0
TiCrAg,0.0
Nb3AgS4,0.0
Nd2Hf2O7,4.152
KCl,5.337
YbRbBr3,4.81
LiThHg2,0.0
Ba2TmNbO6,2.914
KAg3,0.0
KThCuS3,2.026
AgSnS2,0.0
Fe2P4PbO14,0.464
DyInAu,0.0
TmB2Mo2,0.0
DyGe2Ru2,0.0
Tb2CuIr,0.0
BaPb2BrF5,3.436
BeZn2Fe,0.0
Ba4SbP,0.0
KThTi2O6,0.0
Li3Ti3CrO8,0.0
La3AlFeS7,0.0
Th2HN3,1.76
BiSbO2,0.0
H2W,0.0
Na6BeO4,2.288
BaCeI4,0.0
LiZnCd2,0.0
AlPN3,0.0
EuAgP,0.0
NaNdGa4S8,2.025
Li16Ta2N8O,3.555
TePd3,0.0
Ba5Sn2N6,1.079
KUSiO7,0.0
Sm2Cr2C3,0.0
HfCdRh2,0.0
KLaF4,6.315
Cd2AgPt,0.0
TaSbRu,0.875
Na3AsSe3,2.013
ErAl3Ni2,0.0
ScInNi2,0.0
K2SnN6,0.0
Ca2MoH6,0.0
ZrCd3,0.0
NaBe2Tc,0.0
Mg2GaPt,0.0
Au3S,0.0
As2Pb3O8,3.492
Li2BeCl2,2.386
Ba2CdPb,0.0
BaB2P2,0.0
Li3Ti2CuO6,0.275
Tc3W,0.0
ScSb,0.0
K2LiAlP2,2.071
Er3Pd2,0.0
Yb3Ce,0.0
Sb5Pt,0.0
Mg2AgIr,0.0
ZnNi4S8,0.0
Ba2ScBi,0.0
Zr3Pt,0.0
RbBa3,0.0
Ti5Sb2Rh,0.0
Be5Pt,0.162
NaICl,0.0
Na9SmSi4Se12,2.316
BeGaO3,0.0
Ga2Ag2TeSe3,0.122
Li5Mn5Ni2O12,0.0
Tb5BiPt2,0.0
YbNdAg2,0.0
KFeBP2HO9,0.0
BiBO,0.0
CoH9C3N6,2.628
Ba2CaOsO6,0.0
ThZr2H7,0.0
MgRh,0.0
SrCa3IrO6,0.0
Pa3W,0.0
Re3N,0.0
UCr4C4,0.0
Li4Ti3Mn2Sn3O16,0.287
TiBr2,0.0
YbRh2Pb,0.0
Ti2ReB2,0.0
HfBeGa,0.0
Nb2CrSe4,0.0
Ba4BeSn,0.0
Si2SnO6,3.2505
LaBPt3,0.0
K2YAuCl6,2.1
Li2Cu3Ge,0.0
SrI2O,1.612
MnN2Cl4,0.0
HfZnPd2,0.0
U3P2S,0.0
Zn2GaSe4,0.0
H2C5S2O2,2.015
Pr2InAu2,0.0
Sm3Cr,0.0
TlAg3,0.0
TbAgAs2,0.0
HCSNO2,2.937
Ba2UInO6,1.066
Li8BiO6,0.0
DyAl8Fe4,0.0
KYTa2O7,2.109
BaTaSe,0.0
CaCdO,0.0
NaPd2Pb,0.0
Nd2ZnRu,0.0
KMg3AlSi3H2O12,4.292
TiAlOs2,0.0
Ag2PdCl4,0.942
RbBe2P3O10,5.834
Li2VSiO4,0.402
TlZnF3,4.383
Rb2HgIrF6,0.0
Al2S3O12,6.608
Y4CrS7,0.0
K3TaS4,2.73
HgBrO4,0.0
YCr2O4,0.0
Li2Mn2CrO6,0.017
YbAg3,0.0
BeMoSe2,0.0
Ag2Te2O7,0.0
BeSnPt,0.0
BaSi6N8O,4.262
YSiPd,0.0
YbLuPt2,0.0
Na2Ni3O7,0.591
CaPm3,0.0
LiMn2TeO6,0.0
CoRuS4,0.0
Li2CuNiP2O8,0.0
CaB2H2,0.0633333333333333
HoBi5,0.0
FeOs,0.0
CaIn2N2,0.279
LiV3O6,0.0
BaMgBi4O8,0.682
Th7Te12,0.0
La5Sn3Cl,0.0
BrF,0.0
NpFe4P12,0.0
LiAgC2,1.513
Ce2CdSe4,0.0
CeIr5,0.0
RbAc3,0.0
CaH12Br2O6,4.185
FeRe3,0.0
K2TaCuSe4,2.025
Al2BiSe4,2.325
Ba4TiSi,0.0
MnSiO2,0.0
KCo2S2,0.0
Na4HgP2,0.942
TlAsF6,4.308999999999999
Dy3Co11B4,0.0
UBe13,0.0
Mg2CuRh,0.0
KInO2,2.353
Bi5Rh,0.0
V2Te2O7F2,0.655
UNi4P2,0.0
UIn,0.0
Pm2PdPt,0.0
PrGeBO5,4.101
Ca2ZrBe,0.0
LiTaBe,0.0
BeCrTc2,0.0
YbFeGe,0.0
MnVAs,0.0
Rb2IrI6,0.0
LiAl5O8,5.767
Hf4Ru12C3,0.0
TiClO2,0.0
LiBiO3,0.193
Sr2YSbO6,3.96
SmGa3,0.0
SmMo,0.0
Ba2Se,0.0
Rb2LiCeCl6,0.0
NaNdS2O8,5.737
TlCO2,2.762
TmCuSb2,0.0
NaPdF3,0.275
Ba4TlFe,0.0
HoSi2Rh3,0.0
MgBeCr4,0.0
Ga2FeS4,0.0
K2YHgCl6,0.0
K2AgI3,2.647
Mo3Ir,0.0
TbF4,0.004
KCrP2S7,1.153
CoCu2GeSe4,0.0
LiUPH8O10,2.621
Tc2MoAs,0.0
Ta3Mo3N4,0.0
ScRh3,0.0
BaMg2N2,0.988
LiFeRh2,0.0
Rb2PrAgF6,2.42
Pr2CuNi,0.0
Cu2HgPbSe4,0.0
SnHCl2,0.794
UCu3,0.0
K3VO8,1.05
SrLiAl3N4,3.193
Li2FeF6,0.0
Sn4TeSe3,0.611
BaTh3,0.0
Ba4LiNi,0.0
Al2ZnSe2S2,1.814
Li2CeSb2,0.0
K2NaBiF6,4.99
SrLi2Sb2,0.0
SrAlGeH,0.885
ScIn2Cu,0.0
Ca4Al6O13,4.101
ZrNi2,0.0
LiMg2Pb,0.0
K2CrSO7,2.343
KIn2Au4,0.0
CaCuP2O7,0.631
LuSbRu2,0.0
Na3BS3,2.684
BaInSn,0.0
Ta2InS4,0.0
ZnCu2SnSe3S,0.016
LiSb,0.0
CrFeS2,0.0
Ba4MgTi,0.0
PrCu9Sn4,0.0
VN2Cl6O2,0.052
LiFe3O2F6,0.0
Na2BeP,0.0
ScTlO3,0.979
Sr4LiCuC2O10,1.078
Te2MoW3Se2S4,0.2017142857142857
LuTaRu2,0.0
Yb2Be2SiO7,0.249
PmNd,0.0
Hf6Ga16Pd7,0.0
Sc2ZnHg,0.0
Li2VFe3O8,0.0
MgZr2,0.0
InCu,0.0
Ba2YBe,0.0
Ba4SiRh,0.0
V2NiS4,0.0
Tm2PdAu,0.0
Yb2B6Rh9,0.0
TmB2,0.0
NaTlF,0.0
Cr8CoCu3Se16,0.0
Y3TaO7,3.477
SrSn2Rh,0.0
Mg6SiC,0.0
ZnB2H8,4.371
Pb3F,0.0
HoRu3C,0.0
LiMn5O7F,0.0
CdSnAu2Se4,0.0
Ba5Sm8Mn4O21,0.006
BeSeBr,0.0
CaV2P2H8O14,0.799
TmLuZn2,0.0
Ti2P,0.0
TaAsOs2,0.0
CuTeCl2,0.0
InSbCl,0.0
Hf6Be15Pd8,0.0
BaTi4O9,2.722
CeFe4As12,0.32
OsRu3,0.0
NaSr2IO6,2.414
ScC3,0.0
TmTlTe2,0.711
CdGeN2,0.87
AuN2,0.0
Re2AsPt,0.0
Fe2BO4,0.0
PaZn,0.0
TbMn2,0.0
K3BS3,2.739
SmPa,0.0
Pu3Ta,0.0
Pu7W,0.0
BaTiTe2,0.0
SiB,0.0
Ba4ScSb,0.0
YBiPd,0.0
BaLiSe,0.0
KRb2AsCl6,3.48
BaMn2Cu,0.0
TbBaF6,0.0
TmIr2,0.0
LiCd2Pt,0.0
Ba4CrSe,0.0
Li3Nb6O11,0.0
Ce3Cl,0.0
SmNbO4,3.5
ZrSnRh,0.0
BeCu2Ru,0.0
NaFeH8N2F6,0.0
Zr4BN3,0.0
Li3Fe3NiO8,0.0
Be2CrW,0.0
Ba2ZnReO6,0.0
Si3N2,0.266
KSrBi2O6,0.0
KBePb2,0.0
Ba3Ta6Si4O23,0.0
PuAs3,0.0
SrMg2FeH8,1.651
Be2NbW,0.0
PuBr3,0.186
Bi5Os,0.0
SrBeW2,0.0
Sc2IrOs,0.0
SrCd2Pd,0.0
CaSi2,0.0
Ba4ZrSn,0.0
YAgSb2,0.0
FeHg2O3F5,0.0
YCuSn,0.0
Fe7S8,0.0
BaP2Pd2,0.0
NaLiMg6,0.0
AgHg2PO4,1.251
MgInPd2,0.0
Li2Co2SnO6,1.126
Ac3Th,0.0
Rb6Te2O9,0.887
MgMnF3,0.0
Ho3Hg,0.0
AgTe2Au,0.0
Pr2NiAg,0.0
TbYbRh2,0.0
Li2Fe2OF4,0.0
NbCrSe5,0.0
Sr2BeRu,0.0
TbSiIr,0.0
TlSnF3,2.81
YbPd2,0.0
Mo2WSe6,1.0835
DyGe2Pt,0.0
Sb5Br,0.0
Cr2H24I3N9,1.767
TaOF4,0.0
BaSn2Pb,0.0
Pm2SiHg,0.0
Be2BiBr,0.0
ZrIr3,0.0
In3S4,0.0
RbCdO,0.0
Al2FeIr,0.0
Cr2AsSe,0.0
CeGe2Pd2,0.0
Rb2InHgBr6,0.0
AgO2,0.0
Er6GaNi2,0.0
Mg16Al12Si,0.0
PrMg16Al12,0.0
TcN2,0.0
Li3TiCu4O8,0.0
Tm2PtRh,0.0
SmHoZn2,0.0
ScPdO3,0.0
Na6CoSe4,0.428
SmSiRu2C,0.0
LiTm2Co,0.0
VAgP2S6,0.0
USi2Pt2,0.0
Ba4ReRh,0.0
MgHC2,0.0
Nd3Tm,0.0
Ca2PdAu,0.0
AlCr4GaC2,0.0
Li4CoP2O8,0.376
Ta2CrAs,0.0
SrNiF2,0.0
SrBi,0.0
CuAuF5,0.0
CrSi,0.0
MgCN,0.0
ThTe3,0.417
HoB4,0.0
NaPd3,0.0
ZrBiO2,0.0
NdSi2Ag2,0.0
Fe5O4F8,0.0
TiCu2,0.0
PbC2S2N2,2.655
NaS3,0.0
LiZrHg2,0.0
SmMg2Ag,0.0
ZnAgF,0.0
PRh2,0.0
Ba4TiRh,0.0
AlPdCl2,0.0
LiCd3,0.0
TeI7,0.0
CeCo5,0.0
B5Pb2ClO9,3.636
YbKC2O6,0.0
Tb2Al3Co,0.0
Sr3MgFe2S2O5,0.0
Dy2C3,0.0
MgSbF,0.0
Ce2SeS,0.0
Li2Mn3NbO8,0.0
Ac3U,0.0
HoAlNi4,0.0
Pr2Ir2O7,0.0
RbDyI3,0.0
CeHo3S6,0.0
TlMoF,0.0
HoGe2Pt,0.0
Na2BiAu,0.4075
Ce4Mg7Ge6,0.0
LaBi2ClO4,1.254
Ce2InPt2,0.0
KCdP3O9,4.212
ZrGeO4,3.905
PrNiC2,0.0
Nb2Te6I,0.5
Tl2RuBr6,0.0
LiHo3,0.0
Li4La3Ge4,0.0
BaCaCO3,0.0
NaIn2,0.0
SmIr3,0.0
Mn3ZnFe8O16,0.0
SmMg16Al12,0.0
BH5CSN2,3.86
UNi2Ge2,0.0
K3GaO3,2.898
CeIrOs,0.0
Ca3U,0.0
Li4Mn3VO8,0.0
Ba2PAu,0.629
LiZn2Pd,0.0
Be2CoPd,0.0
Ba4BeTc,0.0
BePdW,0.0
ThSi3Rh,0.0
CaAgO2,0.0
LaBeRh2,0.0
BeCo2Se,0.0
NdPt2,0.0
Er2WO6,0.612
U3CuO10,0.401
BaFe4Sb12,0.0
ZrMn2As,0.0
K3CeI6,0.0
Tl2MoCl6,0.0
HfSe,0.0
YInHg,0.021
Yb3Si2Ni6,0.0
YbV,0.0
TmPb,0.0
CeMg2Sb2,0.0
RbPb,0.0
CrGaRh2,0.0
BePt,0.4
Li8BiS6,0.0
Nd2CoTe2S2O14,0.235
MgSi2,0.0
AuSeCl7,1.665
ScGa2Co,0.0
U2C3,0.0
MgHg2,0.0
In3Co20B6,0.0
LiAlF2,0.03
MgFe2O4,0.0
K2YAuBr6,1.673
LuTe,0.0
NdCo2Ge2,0.0
Li3YSb2,0.0
La2HgAu,0.0
CaMg2Sb2,0.901
LiInI4,1.939
Yb2LiAl,0.0
LaIn2Ir,0.0
Fe2B,0.0
Ba2CdSb,0.0
Mo3Pd2N,0.0
GeBrF,2.067
KPH2SO3,4.783
LiMgAu,0.0
AsRuSe,0.662
MgGaMoS4,0.0
PrGa2Pd2,0.0
Ba4GaIr,0.0
Cu3Te2Br2O6,0.0
AuSe2,0.0
LiH3,4.276
SiBO,0.0
Ti4NiS8,0.0
EuTl2Pd,0.0
RbAs5,0.0
Y3AlO6,4.708
Mg2Tl,0.0
Li2VN2,0.0
CoCO,0.234
PrErZn2,0.0
Pm5Mg,0.0
NbSN,0.0
Ca3Al2Si2,0.0
LaBiAu2,0.0
LaB2Rh3,0.0
Y2CoRu3,0.0
NaCSN,4.134
Tb8Sb,0.0
TmNi2P2,0.0
B2N,0.0
Be4NbMo,0.0
ZrB11,0.0
NdLuTl2,0.0
Pr2MgGe2,0.0
CeAl2BRu2,0.0
Ti2ZnN,0.0
Pr2TeO2,1.791
Ba4HfCl,0.0
BiAs2Os,0.0
K2RbMoBr6,1.377
NpIO,0.0
K4BeAs2,1.0
YbNi4Sn,0.0
Mn28P,0.0
BaCdTe,1.548
CeH3,0.0
LiInF4,3.736
Ca2BHN2,3.009
YbTlS2,0.0
TbBi3,0.0
YbGa2Cu3,0.0
Lu2GaAg,0.0
YbSiPd2,0.0
Ba4CoSn,0.0
NdCdHg2,0.0
Ca7NiIr2O12,0.0
Li7Si2Ni3O12,0.0
WAu3,0.0
Li2BePt,0.0
Yb4As2O,0.98
NbRu,0.0
Ba4MgFe,0.0
AlH2,0.0
BaNi2P2O8,0.85
Ho2MgRu,0.0
TlCdBr3,2.661
K2CaNiN6O12,1.018
Er3Ir,0.0
NbMo,0.0
Be2TlW,0.0
Rb2RhI6,0.0
Be2Mo,0.0
Ba3Ge2B6O16,4.1955
CaMg6C,0.0
SrCaCoP2O8,0.276
Ac3Ta,0.0
CuGeRh2,0.0
BeGa4Mo,0.0
La4C2Cl5,0.0
Re3Se4Cl,1.105
Ba4ScSi,0.0
BeSnPb2,0.0
BaVTe2,0.0
Ce3Ga,0.0
Sc2TcPd,0.0
Ba4GeOs,0.0
BeSeBr4,0.0
CaHg11,0.0
Ba3Zr2S7,0.556
Zr2CuS4,0.0
Yb3Zr,0.0
Nb2Hg2O7,0.443
AcNi2Ir2,0.0
Tm2CuPd,0.0
Al2Fe3Si3,0.248
Yb2LiCl5,5.843
Tl3Ag,0.0
CaMgTl2,0.0
ErInNi4,0.0
Pa3Se,0.0
NbAs2,0.0
Li2AlO3,0.0
Hf2CuGe4,0.0
TaNF6,0.0
Sc2Si2Ru,0.0
BeGaRh2,0.0
GaAu,0.0
SrCd2As2,0.182
BeInBi,0.0
Lu3Ge2Rh2,0.0
Te2AuBr,0.0
DyCo12B6,0.0
BeCdFe2,0.0
Ho2Co2I,0.0
VSb2O5,0.767
Na4SnO4,2.217
Mo3Se4S2,0.5345
Ba2ErZn2CuO7,0.0
Ti3H2O7,2.87
TmMg3,0.0
RbAg2SbS4,0.291
GaSiCN,0.624
Al2P3S9,2.196
BaGe3Pt,0.0
VPd4,0.0
ErGe2Rh2,0.0
MgSn,0.0
V2O3F,0.0
Be2PCl,0.0
Tm5SbPt2,0.0
Ti3Co3Te2O16,0.0
PrCdAu,0.0
PrMgTl2,0.0
PrTiGe,0.0
TaCoSb,0.0
Ba4InSn,0.0
SrPbO,0.0
BiAuBr2,0.0
U2Pd3Rh3,0.0
BeCdBi2,0.0
ZrAsPt,0.0
AsSCl3F6,3.706
Sm3Si2Ni,0.0
TmB4Ir4,0.0
UCr3,0.0
Fe3SbN,0.0
Hf5CuSb3,0.0
Er6Al7Cu16,0.0
Ca3Ho,0.0
Al2GaP3O12,5.071
Ti2AlRe,0.0
Ce3CuSnS7,0.0
Zr2InCo2,0.0
Ba4TlCd,0.0
LiBePb2,0.0
TbPmRh2,0.0
ReH3,0.0
PuWC2,0.0
LiFeAsO4,0.082
CaPN2,0.0
HfSnO2,0.0
RhO2F6,0.0
SrNdGaO4,3.715
Eu2Co2O5,0.0
K3ZnH5,3.863
LiTiP2O7,0.0
Li8U,0.0
Ba4TlOs,0.0
ZrNiGe,0.0
TbSi2,0.0
Mg6CdW,0.0
HfBe2Pd,0.0
Sb2Au3F18,0.178
DyCuSeO,1.384
Sr4CaCl10,5.143
BaNd2Se4,1.69
UAl6Cu6,0.0
KRb3,0.0
Tb2Al5Ge2,0.0
SrMo,0.0
TiAs2,0.0
Li2PmPb,0.0
Y4Fe3B6,0.0
BiMo6S8,0.0
SiRh2,0.0
UAgF6,0.92
RbYF2,0.0
TbHo,0.0
Sr4PtN4,0.0
VZnRh2,0.0
SmMgAu,0.0
SrLi2Ga2,0.0
LiGa5O8,2.769
SbAsPd,0.0
Sr3P2O8,5.995
HoRh3C,0.0
Pr3RuI3,0.0
Ba2LaHf,0.0
PtC3,0.0
Na2GaAgBr6,0.0
Sr10MnN8,0.0
TaBe3,0.0
Cu2Cl,0.0
FeSiW,0.32
HfU3Sb5,0.0
Mg7Bi,0.0
SrMgP3N5O2,4.388
YHf2Pb,0.0
Th2CdHg,0.0
ZrTiCu,0.0
SmErMg2,0.0
Pr3BBr3,0.0
CeAlH2Ir,0.0
Al6Cu2B4O17,0.415
ZrSeCl,0.0
SnH9C9NO4,2.701
NaDy3,0.0
TaCoNi2,0.0
CaAu2,0.0
Sr3PrMn4O12,0.0
TbNb6Sn6,0.0
Tm2C3,0.0
ErAg2,0.0
SmCdHg2,0.0
AlFePO5,0.002
CaSbPt,0.0
NaFeAs,0.0
Li2SiO3,5.507
CeBPt3,0.0
Sr2InSbO6,1.961
CrFeTe,0.0
TmNiO3,0.0
PmGePd2,0.0
FeRhO3,0.0
Tl10Hg3Cl16,2.384
DySiPt2,0.0
Ho5CoSb2,0.0
Pm2SnHg,0.0
UInNi2,0.0
ErTi2Ga4,0.0
DyMoClO4,2.5575
LuB2Ru,0.0
TmB2C2,0.0
Rb2PrAgCl6,3.455
Ba5Ru2Cl2O9,0.421
Nb3AgTe4,0.0
TmGePd2,0.0
Pr3Se4,0.0
VZnO3,0.0
MnAgO4,0.158
ZnH8C4O8,2.564
LiPb,0.0
Hf3Ga,0.0
TlNiF3,0.277
LiCeSi2,0.0
NdB2Ir3,0.0
InNi2As,0.0
KFeSe2,0.0
Ga3Ni5,0.0
PrAlGe,0.0
NbSiRu2,0.0
YbCuSn,0.0
Rb3AuS,1.243
CoCN2,0.0
Li3P7,1.8
PmCdRh2,0.0
NaCaScZnSi4O12,4.693
ZrBiRh,0.0
YTcAs,0.0
Sc3Sn,0.0
ZrAlPd,0.0
YSi2Pt2,0.0
Na2IrO3,0.0
BaZnTe2O7,1.614
Cr2CdS4,0.446
LiBeW2,0.0
TbGe2Pd,0.0
NaMg6Co,0.0
Ti2CoSe4,0.0
TbCo2,0.0
YAl3Ni,0.0
ThBiTe,0.0
CrNi3,0.0
PdIr3,0.0
MnVCuO4,0.503
GdH9C5N2O8,3.289
CeAg3,0.0
TbZn2Au2,0.0
Ba4ScPb,0.0
Rb4Fe2S5,0.0
NdPOs2C,0.0
VNi2N3,0.0
Sr2YMn2O7,0.0
KBi,0.472
NdCuSO,1.694
Tl3VO4,2.5540000000000003
Zr2H3Pd,0.0
Be2NbSn2,0.0
Ba4TiPb,0.0
Zn2CuAs2O8,0.573
Na2AgAuF6,0.0
BeGaMo2,0.0
VZn2SbO6,0.0
TbRh3C,0.0
VCrN2,0.0
La12Ni6Pb,0.0
Ba2NdCoCu2O7,0.0
Na3CuCSO7,1.899
GaNi2,0.0
K3SbF6,3.904
SrIn2Cu2,0.0
HoCu4Ag,0.0
NaNdAu2,0.0
UNi2B2C,0.0
Li2MnNiO4,0.0
LiNpRh2,0.0
Ho8I,0.0
HoNbRu2,0.0
AlCd3,0.0
Sm2AlNO3,1.232
Li2Cr2FeO6,0.0
TiMo3,0.0
MgNbO2,0.0
YMnF2,0.0
CePmTl2,0.0
Ti2TcRh,0.0
Mg2CdAg,0.0
NbPbO3,0.0
SrIO,0.0
NaYS,0.0
MnRu,0.0
S31Cl,0.443
KSb4F13,4.713
Tl2BiSbTe4,0.29
TbBi2BrO4,1.44
Li2InSb,0.102
HfSi2Ni2,0.0
Ca3Si4Ir4,0.0
Ba3NdIr2O9,0.0
BAs,1.3573333333333333
YIr,0.0
CoCu2SiS4,0.0
Ce3SiS2,0.0
CaZnSi,0.0
Hf2ZnOs,0.0
Cr2GaN,0.0
Ba2TiSb,0.0
HoV,0.0
Sm2MgNi2,0.0
Li14P2N6O3,4.162
Mn2V2O7,0.1195
RbZrCdF7,5.198
RbLuSe2,2.019
Rb2V3O8,0.67
SrGaSnH,0.412
Ba4HgSb,0.0
Ba4Cu3SeO12,0.0
Li2PrP2,0.0
HfMnO3,1.9035
Pa3Be,0.0
YbIr2,0.0
Li4Mn2Ni3O10,0.0045
PuRu,0.0
RbGeBr3,1.815
NdFe4Sb12,0.0
SmSbIr,0.0
Zr6Fe16Si7,0.0
TiAu4,0.0
Sm2Ta2O9,0.192
PuMn2,0.0
KAl2NiP3H4O14,1.517
VAgOF4,1.469
HoAl8Fe4,0.0
MnVGaCo,0.0
CdIO4,0.0
Cd5TeS4,0.397
MnGaNi2,0.0
Li2CrFeO4,0.0
ReHO,0.0
K2LiTaCl6,0.0
Ca4CN4,1.916
Mn3Cd2O8,0.719
NaMo3,0.0
Li4Cr5SbO12,0.0
TiAsOs2,0.0
SrAlTe2,0.0
SrCu2Sb2,0.0
H2PbO2,2.521
TbF3,8.098
Li4V3Fe2O10,0.0
Ba2ZnAg2Se2O2,1.147
PH8IN4,4.007
Cr3NiP4,0.0
NaBF4,8.35
Sm3Ti3Se2O8,0.0
DyRh3C,0.0
Li2Co3O6,0.0
SbHO2,0.0
AcAl2Si2,0.0
SiOF2,0.0
NaMgH3,3.677
LiYMo2O8,3.042
TeAuCl7,1.466
BeGaSb,0.0
MgAl2C2,2.003
P2Cl,0.0
NaHg2Pb,0.0
NaGaGe2O6,2.721
RbB6H6,5.511
Ir3N,0.0
HfAlNi,0.0
ZnPtF6,2.182
SmCoGe2,0.0
PSI,0.0
Mg3Zn,0.0
Ba2GaO3,0.0
Ce4SmO10,0.0
BaMn5O11,0.0
BeCu4P,0.0
LuB2C,0.0
U2Zn17,0.0
LiPmTl2,0.0
Ce2Fe2Si2C,0.0
Ho2CuPt,0.0
ZrBe2Nb,0.0
ZrGaRh2,0.0
InPt,0.0
Ba2CaCu2HgO6,0.0
LiH2ClO,5.468
Ga2CuAgS4,0.647
TbMnSi,0.0
KCrS2O8,1.488
NaRuO3,0.0
MnGaAu,0.0
Hg2PCl2,1.461
NbIrS4,0.0
AlCdO,0.0
USiSe,0.0
Y3MnAu5,0.0
MnSbAu,0.0
Ca3AuN,0.0
UCr2O6,0.0
K3IrF6,2.474
Ca3Bi2,0.0
SmNi2,0.0
CeP,0.0
Dy3Sc2S7,0.0
Ac3Pm,0.0
YCBr2,0.0
ThCoH4,0.0
Ti2IrRu,0.0
ZnNiGe2O6,0.78
RbPH4O5,5.596
MoW3Se6S2,0.49575
RbVI2O8,2.5695
Ba2ScSn,0.0
Be4AlNi,0.0
InH3O3,2.978
TbDyIr2,0.0
CrFe3B2,0.0
PrZn,0.0
MgGeIr2,0.0
Rb3Pr,0.0
AgTe3I,0.879
Er6InCo2,0.0
Co4N,0.0
CeCrGe3,0.0
CaCo2O5,0.0
Rb2LiPrBr6,3.971
La4S3NCl3,3.035
Rb2AlCuF6,1.355
TmGa2,0.0
HfAlPd2,0.0
AgTeO,0.0
Na2TeH10O8,4.554
NpCo2,0.0
CdGaRh2,0.0
Nd2Cd2O5,0.0
Ba4MnMo,0.0
BeVIn2,0.0
YZr2Ni15,0.0
PrCuSb2,0.0
ErGa2Pd,0.0
YbB4,0.0
MgInRh2,0.0
YbNaTiNbO6F,0.0
BiClF,0.0
KSr2Be,0.0
BeNbSe,0.0
LiMnBe,0.0
K2PrAgBr6,2.858
ZnCO,0.0
Ca3CrN3,0.0
Yb2LiGa,0.0
LiFe2OF3,0.0
SiPbO2,1.022
Ba3Al5,0.0
Sr3GaO4F,4.163
Na2MgSiO4,4.102
BaCu2Cl,0.0
VCr2Te4,0.0
Li2FeO3,0.01325
Fe3Mo3N,0.0
RuI3,0.0
LiMg6Mo,0.0
K2RhI6,0.0
Li4PbO4,1.422
CaZrRh2,0.0
BiSeBr,1.584
ZnMo6O16,0.0
Sr3BiP,0.021
TlIn3,0.0
Li5Cr2Fe3O10,0.0
Mg13Al16,0.0
SmZnCuAs2,0.0
K2MnSe2,0.883
Al3W,0.0
ZnGeN2,1.866
YbCeHg2,0.0
ThTeAs,0.0
LiMnCSO7,0.886
YbPa3,0.0
LaMnBe2,0.0
AlH12Cl3O6,5.239
Nd3Ti,0.0
Al2B2Ru3,0.0
BaInO2,0.0
HCNO3,3.352
YTe2,0.0
TiNi4GeO8,0.409
Mg4Ta2O9,4.264
Ga2CoAs,0.0
RbSnIO6,2.236
Sc4Ge6Os7,0.0
PrZn2Si2,0.0
NaIO2F2,4.129
Yb3Au,0.0
TbCu2S2,0.0
Y3SOF5,3.663
PrPt2,0.0
Hf2Hg,0.0
HoMn4Al8,0.0
NdAg2Ge2,0.0
Sr3TaAs3O,1.324
U2FeS5,0.0
YNi2,0.0
LiMn5Cu2O12,0.0485
Ca2ZnAg,0.0
PrCdIn,0.0
Ca3F,0.0
Ba14Na14CaN6,0.0
LiVP4H4O14,0.204
Ba4SrMo,0.0
Mo6PbSe8,0.0
SrV4O9,0.7010000000000001
PmTlRh2,0.0
SrGaGe,0.0
