formula,target
SbTeOs,0.05
K2Hg3Se2.97S1.03,2.11
BaBSbS4,2.34
V2NO,0.0
Bi2AsClO4,3.43
Sc3PbC,0.0
AsS3,2.35
Rh2S3,0.8
Al0.3In0.7P1,1.9
BaGe4(RhSe3)2,1.09
Cd0.5In2.25Ag0.25Te4,0.39
TmSnRu2,0.0
TlS2,1.8
Zr6O,0.18
K2Hg(PSe3)2,2.25
DyNiGe2,0.0
V2(OF)3,0.0
PtN,0.0
MgSc,0.0
SrBiClO2,3.52
Fe4H15(IO8)3,2.3
Li0.33Ag1Sn0.67O2,2.7
K(GeSe2)2,1.8
Ba3Ag2(SnS4)2,2.37
Li15Mn2O12,0.0
SmP,1.09
Ge5(Te4As)2,0.0
NaYb(PS3)2,1.85
CeAsSe,0.0
Bi4Pb7Se13,0.29
Pt3PbC,0.0
LaMg3,0.0
Hf(VGa2)2,0.0
NdMg2Ni9,0.0
K2In3AgSe6,1.64
PrO,0.55
TmMgAg2,0.0
Ba4Ge3Se9Cl2,1.89
V3(HO2)4,0.0
Ba3N2,0.0
BaGe3Pt,0.0
Tb5Tl3,0.0
NaSbTe2,0.47
Tb3FeB7,0.0
Li2SnHgS4,2.32
Nb4Co2PdSe12,0.0
Li8IrO6,0.0
LiMn2(PO4)2,0.0
In1Sb0.5As0.5,0.1
CsCd4In5Te12,1.42
Sm2Te3,0.7
Mg3Ru2,0.0
HoGeAu,0.0
NaLaS3,2.61
ErCu,0.0
Ir0.67S2,2.0
Na10(Ga2Sn)3,0.0
Na2EuGeSe4,2.0
TeWCl9,0.0
CrNiP2O9,0.0
Rb4Ge(PSe3)4,2.0
Sb3IO4,2.61
Yb2Sn,0.0
Th(FeGe)2,0.0
Rb2Mo9Se10,0.0
Ge(Bi3O5)4,3.25
Si2Pd9,0.0
Nb40N21O16,0.0
Mg2GeB2Rh5,0.0
RbCd(BO2)3,4.2
La2ZrS5,2.01
SnRh,0.0
Ag2HgI4,2.47
KInS2,3.0
Zn0.9Ga0.1As0.1Se0.9,2.34
Ba2YGaSe5,2.31
Sn0.99Te1Pb0.01,0.26
KLi(WO3)3,0.0
ScZn2,0.0
Sr3Ge(SbSe4)2,0.75
Dy2(MoO4)3,1.92
LiH3(SeO3)2,4.9
LaSn3Ru,0.0
ZrTe,0.0
BaAlCu4O7,0.0
Eu(InAs)2,0.0
RbPSe6,2.18
ErAl9(Fe2Si3)2,0.0
Tl2BiP2S7,1.8
Cr3P,0.0
K2Cd2Te3,1.93
TcS2,1.0
Nb2Sb,0.0
RbU2SbS8,0.0
Nd2Se3,1.7
Zr2In5Ni,0.0
Li2Fe2(PO4)3,0.0
Cs2MgGe3Se8,2.04
SrSnO3,4.1
Ag0.5Ge1Pb1.75S4,1.83
ZrSi2,0.0
CsBiSe2,1.07
Mn2VSi,0.0
Nb3Os,0.0
Cs(AsRu)2,0.0
La5In3(S3O)3,2.6
K3Cr2(PS4)3,1.35
HoCo3,0.0
Sm2AgRu,0.0
Cd3Bi2,0.2
SmCo3B2,0.0
SrNi5As3,0.0
Ga2Si(AgS3)2,2.35
UAu2,0.0
KAgF3,0.0
K1.46Sn3.09Bi7.45Se15,0.39
Sr5Sn3,0.0
EuCuSeF,0.0
Ba2UCuO6,0.0
SrPbO3,1.78
Dy4Sb3,0.0
Ta2N,0.0
Ti5(B6O13)2,0.0
AlCu3,0.0
TlCoMo2,0.0
Ga2SiPbSe6,2.17
USbSe,0.0
CaMnSn,0.0
Zr3(Cu2Si3)2,0.0
KCuSnSe3,1.04
TaPt3,0.0
Bi2Te0.6Se2.4,0.28
CsIr,0.0
Sn2WO5,2.6
CsNbSe2O7,4.2
Sr2SmTaO6,3.38
Bi2CO5,3.42
In0.8Ga0.2As0.2P0.8,1.4
Y2Mo2O7,0.0
Ba2NdGaSe5,2.18
AsPPd,0.45
SrIn2Rh,0.0
Rb3Ta2AsS11,2.21
BaTaNO2,1.78
HfSi,0.0
Mg3Ga7Co2,0.0
TbTl,0.0
InAgTe2,0.93
Sc3Fe2Si3,0.0
Zr4AlNi2,0.0
MnGaNi2,0.0
UGaNi,0.0
TlGaS2,3.4
YbCe2CuS5,1.37
Rb1.45Sb7.45Pb3.1Se15,0.45
K10Mn4Sn4S17,2.3
Ge0.01Te0.99Pb0.99S0.01,0.32
U11O5,0.0
NiAgO2,0.0
Mn2P,0.0
Er(ReO4)2,0.0
Tl2Hg3Te4,0.9
SmHgPd,0.0
Tb5Ti5O17,0.0
Bi5IO7,2.76
Tl2O3,2.25
MgCu2GeS4,2.36
LiNb3(BiO3)4,3.0
CuBiPbSe3,0.07
HgTeBr,2.06
Ga2HgSe4,1.95
Ca3In,0.0
Y4CuTe8,0.0
Dy2CdPd2,0.0
Zr3O,0.2
CsSbS2,2.8
Tl3Si,0.0
Tl2Se,0.37
Sb6Pb6Se17,0.8
K2In2P3Se10,2.2
Eu4Te7,0.31
Li2SiHgS4,2.68
YbAl3,0.0
Sr2YBi2O7,0.0
Nd2Ru2O7,0.0
HoTlPd,0.0
VAg(IO4)2,2.24
Li2PrP2,0.0
CaPb,0.0
SrTe,3.73
Cr(MoS2)2,0.0
KAg2AsS3,2.25
Ce10Se14O,1.93
Ca(SiPd)2,0.0
GaAgO2,2.2
Cu7Hg6,0.0
YbPr2CuS5,1.25
ThAsSe,0.0
CsIrO3,0.0
Nd2Ge5Rh3,0.0
Tl0.005Te1Pb0.995,0.48
Eu(MnGe)2,0.0
SeS,1.9
UGa2,0.0
BaTe,3.4
Na4Eu(GeS3)2,2.15
MnSb3(PO4)6,0.0
Nd(PRu)2,0.0
GaFeNi2,0.0
RbNbSe2O7,4.1
Li6(NiO2)5,0.0
Zn0.55Hg0.45Se1,0.8
K2Ga3CuSe6,1.72
Cs4Ge(PSe3)4,2.0
Sr8(MnN3)3,0.0
Yb(AlGe)2,0.0
Li3Ni2(GeO4)3,0.0
Nd(NiSn)2,0.0
Ca4Bi6O13,2.76
TmSb,0.0
NiCO4,0.0
SrB6,3.68
SmB(SbO4)2,3.54
La2Ge5Rh3,0.0
Cd0.05In0.95Te0.05As0.95,0.68
NbOsPb,0.0
Zn0.6Ga0.4As0.4Se0.6,1.8
Er2(MoO4)3,0.96
BiP3(PbO4)3,3.7
Ti2OsRu,0.0
SmCuO3,0.0
Ce3Pd5,0.0
Co2B4Mo,0.0
Zn0.8Hg0.2Se1,1.4
CeTl2P2S7,2.4
Th(MnGe)2,0.0
Gd1.05Sc0.95Se3,1.2
CsInTe2,2.16
Sn0.2Pb0.8Se1,0.06
LiSiB6,2.27
Na2Hg3Se1.49S2.51,2.03
Tb3Ni13B2,0.0
Sr(LaS2)2,2.85
Si0.999Ge0.001,1.09
Cs2Ga2S5,3.26
Cu2Te3O8,2.64
Pr5In11Ni6,0.0
CuHg(SeO3)2,3.25
SrZr2Nb,0.0
CsGa(SnSe3)2,1.87
Li2Ga,0.0
Li4CrO5,0.0
ZrNiSb,0.55
EuSeClO3,0.0
Ba4Ge3S9Cl2,2.91
SbPd3,0.0
Sn0.17Pb0.83Se1,0.04
CsCu(SbS2)2,1.7
SnI4,2.38
NaLi3,0.0
MnAlAu2,0.0
LaAl4,0.0
ErMg2,0.0
Hg3Sb,0.0
Ga2HgS4,2.79
YB2Rh2C,0.0
SiHg3,0.0
Yb(SiRh)2,0.0
Tb2O3,3.0
Cd0.99Ga0.01Sb0.01Te0.99,1.35
KHg,0.0
PmSbRh2,0.0
Sn0.1Te1Pb0.9,0.16
Mg3N2,2.8
SrNi2(PO4)2,0.0
LuCdAg2,0.0
AlFe2Si,0.0
CeBiW2O9,2.34
Tl2.35Sb8.65Se14,0.6
MnF2,9.9
Na2Be4B4O11,7.3
Rb28(Mg3In17)3,0.0
SrRhF6,0.0
Pm2IrRh,0.0
Ga4Cu2Te7,1.08
LiCu2Ge,0.0
LiGaPd2,0.0
Li2Si4Ni5O14,0.0
ErTe,0.9
BaTi4O8,0.0
K2Nd2Ti3O10,3.25
Co5RuO8,0.0
Cs2Hg6S7,1.63
BaBiClO2,3.71
Ba4Nb14O23,0.0
RbLiCO3,6.28
Lu2TlCd,0.0
Ce3MoO7,2.0
Sm(MnGe)2,0.0
Yb4Sb3,0.0
U2TeN2,0.0
BiSeO3F,3.83
CaAgF5,0.0
KGaSe2,2.6
BeAlB,0.0
TbNi5,0.0
BaTl(MoO3)2,0.0
CeAlO3,0.0
Li3VOF5,0.0
Mn2CoGe,0.0
BaCuTeF,2.3
Eu2Ga2GeS7,2.3
Ti20(Sb3Se)3,0.0
Bi0.2Te0.3Pb0.9Se0.9,0.25
Ho3Hg,0.0
Te0.6Se0.4,0.7
Dy2MgIn,0.0
LiLu2Ga,0.0
Ba2LiFe2N3,0.0
Zr2Ni12P7,0.0
RbWO3,0.0
Dy1Te1.45,0.6
AlAgTe2,1.8
Eu3BWO9,0.0
KBiS2,0.86
BaAg2,0.0
KRuO4,0.0
Nd2Fe14B,0.0
La2VCoO6,0.41
NdErTl2,0.0
ReF6,0.0
Li2V3CrO8,0.0
Ga0.01Te1Pb0.99,0.42
SrS,4.76
Ba5Ga6SnP12,1.21
Ca(BIr)2,0.0
Al2Cr2O7,0.0
Hf3Sb,0.0
YbRh2,0.0
B2Mo(PbO2)6,2.9
KMo6S7,0.0
SbRuSe,0.9
Sr2V3Se5O18,2.47
Nb3(Fe10B3)2,0.0
Sm2CuAs3O,0.0
Li2TiMn3O8,0.0
ScHg,0.24
CsNb6I11,0.0
K4Hf3Se14,2.02
PrTl2InSe4,0.93
Nd3(GeRu)2,0.0
CrNiAs,0.0
CoSb2,0.17
Al10V,0.0
LuIr,0.0
BaZnSiSe4,2.71
Ba(SnO2)4,0.0
Ba2DyInTe5,1.35
BaCaSn3,0.0
UCo4Sn,0.0
Li2Ni5(PO4)4,0.0
ThSO,2.22
K4C2O3,0.0
Ba(ZnAs)2,0.23
Ta4FeTe4,0.0
Cs10Cd4Sn4S17,3.16
LiLu2Pd,0.0
VZn2BiO6,2.4
CuSbS2,1.38
BiPbClO2,2.45
Zn0.9Ga0.1P0.1S0.9,2.8
Sc6Te2Os,0.0
Cs2TeI6,1.5
LiHoAu2,0.0
BaHgS2,1.93
Pr9(SbO)5,0.0
Li6Mn5FeO12,0.0
Ti3SnC2,0.0
In2Hg6(P2Cl3)3,3.13
La2B4Rh5,0.0
Zn2WN2,0.0
K8N3O,0.0
Ni2Te3O8,3.84
Ba2In2Se5,2.12
Na2In5Au6,0.0
Pr(CoGe)2,0.0
NdSbPd,0.0
Cd0.1Ga0.9Sb0.9Te0.1,0.78
Ga2S3,2.8
Cs2AgBiCl6,2.77
Cd4P2Br3,2.19
Mg5As,0.0
Cd2AgRh,0.0
CsCaO3,0.0
SrMnGe,0.0
EuCu2SnS4,1.85
ScTiO3,0.0
PrCo4B,0.0
K9Bi13S24,1.4
CsTiF4,0.0
YbPmPt2,0.0
Sn3Pd,0.0
Te2Os,0.3
Na3Re,0.0
TiBr2,0.0
Zr1.33Ta0.67N1.63O1.89,2.48
DyBiPt,0.0
CdHg6(As2Br3)2,1.89
YTi4(CuO4)3,0.0
Cs5P5Se12,2.17
Ca(LaS2)2,2.7
K2Sm2Ti3O10,3.26
Cr10Sb3Te7,0.0
SbTeRu,0.5
Er(SiPd)2,0.0
Ag3Pd,0.0
Zn2InCuTe4,1.05
Y3(Fe31B7)2,0.0
Ce5Ge3,0.0
EuClO,0.0
Cs2Sn(PSe3)2,2.06
YCuO2,3.5
Mg2CuWO6,0.0
CsCu2AsS3,2.3
Y2Fe2Si2C,0.0
DyS2,0.0
Tb(Al2Fe)4,0.0
SrIn4Pt,0.0
TmBPd3,0.0
Sr(PrS2)2,2.7
ZnSn3,0.0
TbBRh3,0.0
Gd3Al7Ag2,0.0
CaTaNO2,2.4
RbTa3(TeO6)2,3.88
ZnSnO3,3.9
Zr5SiSb3,0.0
Ta2TiN3,0.0
LiZnBO3,3.1
Ga1.95Cu0.05Se2.95,1.96
K2AgSnSe4,1.8
GeI2,1.5
SmSi3Pt5,0.0
DyAs,1.0
InSb2Se4Br,1.35
Rb5(WO3)18,0.0
HfZnNi2,0.0
YbNd2CuS5,1.35
Ba(AsRh)2,0.0
KNbSe2O7,4.0
FeSn,0.0
Ga1.01Sb0.99Te0.03,0.68
ScAlNi2,0.0
Yb(IO3)3,0.0
La3GaCuSe7,1.36
Al6Fe,0.0
Sc2CuRu,0.0
LiSiPd2,0.0
LiFe2(SiO4)2,0.0
Sr5Bi3,0.0
ZrSe2,2.0
ScGe2,0.0
LiSm3SiS7,2.83
Al0.05Cd0.95Sb0.05Te0.95,1.37
Eu(HoSe2)2,1.8
SnAs3,0.0
V3SiNi2,0.0
K3UF3,0.0
GdSbPd,0.0
TaF3,0.0
Ca2Ge,1.0
LuC2,0.0
Ga1.9Cu0.1S2.9,2.6
TlSbTe3,0.38
RbY(TeO3)2,3.6
YSiRu,0.0
CdF2,6.0
AlCoO3,0.0
Sr7Bi23O40,0.0
Tl2GeTe3,0.36
Eu2Se3,1.02
Y3GaS6,2.88
CrPbO4,2.25
Lu5Si3B,0.0
ScGa2,0.0
ZrC,0.6
LiSn(PO3)4,0.0
Pr2InPd2,0.0
Ga1Sb0.35As0.65,0.68
Cd2InCuTe4,0.85
CdAuO2,0.0
MgV4O6,0.0
CeScO3,3.2
Sm2IO2,0.0
Ce5Si3,0.0
CrB2(PbO2)6,1.8
SiP2,1.89
Ba4Si20Au3,0.0
YbSi2Ni,0.0
Ca2SmTaO6,3.45
PrP,0.0
Si0.226Ge0.774,1.5
NaFe2(SiO3)4,0.0
TiSe,0.0
Ba3P3ClO10,6.89
La3Te4,0.43
Ce(MnGe)2,0.0
Pr4InSbSe9,1.89
P2Se3,2.4
CsMn4In5Te12,1.48
Hf2Co4P3,0.0
Li6Fe9CoO20,0.0
Si2Ni6B,0.0
EuZn,0.0
TmIn3,0.0
BTe2As,0.0
Hf3(CuSi)4,0.0
Eu(CdSb)2,0.0
Ca(GeRh)2,0.0
TbCl,0.0
SrIn4Ir,0.0
Ca11Bi10,0.0
TlCr5Se3S5,0.89
Eu2CuO4,0.0
Rb2Mo3Se3O16,3.1
NdIn5Rh,0.0
Zr4Co4Ge7,0.0
NbHg3F6,0.0
As2O3,4.0
CaNi5,0.0
CaEuO2,0.0
Hg3Bi2(TeCl4)2,2.8
TlCr5(SeS3)2,0.94
ThFe2SiC,0.0
Mn3PtN,0.0
LiV3O4,0.0
Tl3Ir,0.0
NaIn3Se5,2.17
CsErZnSe3,2.56
Ta2Nb3O12,0.0
Ti2NiSe4,0.0
CsMn4Ga5Te12,1.55
Rb2Cd3(B4O7)4,4.76
HfNi5,0.0
LiEuH3,1.5
YbAg2,0.0
CsInTe3O8,3.9
Zn0.75Cd0.25Se1,3.2
HgTe,0.15
NaB15,0.32
Ho5Si4,0.0
Li2(NiO2)3,0.0
SmCuSe2,2.1
ZrW2,0.0
Al9Co2,0.0
V3Cu,0.0
BaBClF4,6.89
Cr3Se4,1.59
Mn0.1Te1Pb0.9,0.49
ZnSb,1.05
LiTa3(BiO3)4,3.5
Ce(CoAs)2,0.0
Hf54Os17,0.0
KHg11,0.0
Gd(CuSe)3,0.14
In2Co,0.0
In2FeSe4,1.15
Te0.99Pb1Se0.01,0.3
MnO2,1.3
InSnAsSe,0.26
RbBr3,0.0
NdAl4Ge2Au,0.0
CdO,2.3
ReSn3,0.0
BaCdSnS4,2.3
TlCoBi,0.0
Ba3Nb2Se9,1.3
ZnSb3,0.0
TlInGeS4,2.3
SrSnP,0.0
PrLuIn2,0.0
Ta6Ni16Ge7,0.0
Mg(TiS2)4,0.0
AgF,2.8
Yb4Sb2S11.25,1.71
GePbS3,2.4
CoP3,0.45
LiCa2Mg,0.0
Tb(AlC)3,0.0
NaCeS3,2.15
TaW3,0.0
MgCuSn,0.0
LiAl2Tc,0.0
ZrRu3C,0.0
Ba(GaS2)2,4.13
Nb3In,0.0
Na3Mn2(GeO4)3,0.0
BaSn2S5,2.35
Cd0.8In2.1Ag0.1Te4,0.29
Ba(PdO2)2,0.0
CdRhF6,0.0
TaGaPt,0.0
MgTi4O6,0.0
CBr4,3.7
LuScZn2,0.0
BaGa2SiS6,3.75
Ho(BiO3)2,0.0
Eu(LuSe2)2,1.7
LiZr2Os,0.0
NaF,10.5
Al0.99Cd0.01Sb0.99Te0.01,2.21
Fe4Si2Sn7O16,0.0
BaNa2GeSe4,2.25
PrMgGa,0.0
Li11Mn13O32,0.0
Ce(MnSi)2,0.0
Cr7C3,0.0
Fe9Co7,0.0
CdIn8Te13,1.02
PH2NO2,0.0
Nd2WC2,0.0
Ga1.002Sb0.998Te0.006,0.7
TmAu,0.0
La3In1Ge0.5S7,2.61
Eu1.83Ta15O32,0.23
CaB6,4.5
CeHg,0.0
K2PdSe10,1.48
Bi0.6Sb1.4Te3,0.2
Zn0.05Ga0.95Sb0.95Te0.05,0.85
RbNb3(TeO6)2,3.49
VIr,0.0
BaDy2CuO5,0.0
EuAgSb,0.0
Na15Sn4,0.0
Cs2MgSn3Se8,1.92
Sb2Os,0.2
Ga0.001Te1Pb0.999,0.3
Lu2Fe2Si2C,0.0
Gd3Al0.74Si0.7S7,2.34
Cd2InAgTe3,0.47
RbAg5(PS4)2,2.4
CeAsPd,0.0
Ba3Yb4O9,0.0
FePS,0.25
Au3S,0.0
TlCr5S8,1.01
Cs2Al2B2O7,4.13
Sc2Fe,0.77
TmAu2,0.0
Sn1Se0.75S0.25,0.94
CsRbP,0.0
Mg2Cu,0.0
YbGa2Pd,0.0
Ho(SbO3)2,0.0
RbZn4In5Se12,1.76
Yb(MnAs)2,0.0
Li2Fe3NiO8,0.0
Ba2SmTaO6,3.02
La2O3,5.4
Li3Mn2(PO4)3,0.0
KNb2Se,0.0
GdZn,0.0
TmPd,0.0
Sc2FeB2Ir5,0.0
Ga5Ge(PbS3)4,2.35
LiCu5P3O13,0.0
Li2Cu2S3,0.0
Al0.99Ga0.01P1,2.49
Ba3Ta2Se9,1.6
DyZrRu2,0.0
AgAsSe2,1.4
LuSi2Ni,0.0
K10Zn4Ge4S17,3.34
CsScBr3,0.0
CaGaAu3,0.0
Mn2Tl2O7,0.0
CrSb2,0.14
Eu(GaSe2)2,2.16
In1.01Cu0.99Se2.01,1.08
AgBiPbS3,1.2
Ti3Cu3O,0.0
Rb2TeBr6,2.14
Mg3Bi2,0.0
In11Cu9Se20,0.0
Sm4InSbS9,2.13
LiMoIO6,2.8
Li2FeWO6,0.0
BaSi2,1.3
Ca2CuWO6,0.0
Li4FeNi3O8,0.0
Li2CuF6,0.0
Rb2NbCuSe4,2.19
In0.5Ga0.5P1,1.9
Ho3Ge5,0.0
Li4VF7,0.0
Ti2AlV,0.0
Nd2BC,0.0
LiMnCuO4,0.0
Ga1.05Sb0.95Te0.15,0.68
Tb3ReO7,0.0
CsBiS2,1.39
BaV2SeO8,2.13
NbHO3,0.0
CeTlZn,0.0
PmDy3,0.0
BaYbSn3,0.0
Ca3La2(SnS4)3,1.45
Ca3Sb2,1.4
Pb2O3,1.67
Al2CoIr,0.0
NaBiSe2,0.28
TbIn2Ni,0.0
La8Sb2S15,2.3
RbMn4In5Se12,1.76
Tl2TeI6,1.47
KCuPO4,0.0
Rb2Hg3(GeS4)2,2.8
ZnSiAs2,2.12
Nd(CrSi)2,0.0
La2Zn(SeO)2,3.4
Th2CrN3,0.0
Cu3Bi6S10I,0.72
ScCoGe2,0.0
Al0.99In0.01P1,2.4
In2Pt,0.0
Sm(CuTe)3,0.23
B4H2Pb6O13,3.24
Ca3BiAs,0.0
SrUS2,0.0
Ba3Ho2(PS4)4,3.3
NdTe,0.0
CsSbSe2,1.7
LuAlAg2,0.0
SmC10,0.0
VBi(SeO4)2,2.2
KNb3(TeO6)2,3.52
TbNiGe2,0.0
PrGe3,0.0
Y(Re2Si)2,0.0
In1Sb0.2As0.8,0.12
Ba7Ru4Br2O15,0.0
RbInSnS4,2.7
Cd1Se0.2S0.8,2.23
Ba2GaSbSe5,2.51
KEuAsS4,1.89
Ag2GeSe3,0.9
CsSc(SeO3)2,5.2
Li2CdGeS4,3.1
Cu2O,2.58
ErAlGe,0.0
Rb2Cu2Sb2S5,1.6
Mg3Tl,0.0
Cr3Ni(PO4)6,0.0
Li3Co2(GeO4)3,0.0
In(MoSe)3,0.0
PrSm3,0.0
Zr3Ir,0.0
NaSb,0.82
Y2C3,0.0
DyNiSn,0.0
Ag0.5Ge1Pb1.75Se4,1.51
Cs2Cd2Bi2S5,1.7
AlNi2,0.0
TeO2,3.0
Li2ZnGe,1.1
Cs2NbCuSe4,2.19
Mn3Cr3(TeO8)2,0.0
BeS,4.17
CsH3(SeO3)2,4.77
LiHg2Pd,0.0
SiBi3O7,0.0
Li4.5Al0.5Te1O6,4.9
V3Bi(PbO4)3,2.5
Ca2Si,1.9
KCu4AsS4,1.9
GdH2NO5,4.84
TiAuCl,0.0
Rb2Cu2SnS4,2.08
UNiSn,0.0
TiTe2,1.0
CeSiI,0.0
EuSbO3,0.0
Na2Ti2Sb2O,0.0
Sn2S,0.85
HPbI3,0.0
BiClO,3.46
Ho3P,0.0
Te0.5Pb1Se0.5,0.29
K6Ta2.93Nb1.07S22,1.88
CoAsSe,0.2
RbCd4Ga5S12,3.02
RbGeB3O7,5.58
Ho(CuSe)3,0.16
Ga3SiAg3Se8,2.3
HfPt,0.0
Cs3Sb,1.6
Ti2RePd,0.0
Zn0.8Hg0.2Te1,1.4
TiV4CuO12,0.0
La2VNiO6,0.45
Na2Cl,0.0
SrZnSO,3.1
Rb2PS5,2.3
Cd0.99Hg0.01Se1,0.29
Si2Ru,0.0
Bi2(PO4)3,0.0
Th6Mg23,0.0
Hf5Sb3,0.0
LaTaN2O,2.0
Al2Cu,0.0
Ba2GaS4,2.55
Li17Ti20O40,0.0
BaNb4O6,0.0
Ho(CuO2)2,0.0
InPS4,3.12
Tl3Cr,0.0
Eu3Sn,0.0
SrO,5.7
SiP,2.0
TlSnAuSe3,1.2
ZrS2,2.75
Co3Se4,0.0
InSiIr,0.0
Cd0.01In0.99Te0.01As0.99,0.76
Rb15Hg16,0.0
Ba4Si3Se9Cl2,1.76
Cd0.06In0.94Te0.06As0.94,0.68
HoAlAu2,0.0
ScTiNbO6,3.58
Ga1.5Cu0.5Se2.5,1.76
YbSb,1.0
YMgCu4,0.0
BiBPbO4,3.2
Cd0.8Hg0.2Se1,0.45
Er2MnC4,0.0
Eu(MgBi)2,0.0
Ta22(CuS12)3,0.0
Rb3Sm,0.0
Mg23Al30,0.0
CeCoGeH,0.0
AgCNO,0.0
Co7Mo6,0.0
CaInPt,0.0
YVTeO10,2.2
Ba2V2ZnO8,3.48
Cd5Ga2(Te3S)2,1.29
Na3MoO4F,4.77
Zn0.1Ga0.9Sb0.9Te0.1,1.0
Cd0.4Hg0.6Se1,0.95
HoSb2,0.0
Tm2ZnOs,0.0
DySnRu2,0.0
RbCu2AsS3,1.96
Ba(AsPd)2,0.0
Ge0.3Te1Pb0.7,0.48
Sr8Al7,0.0
Tb2EuSe4,2.0
BaAl4Se7,3.4
Ce3LuSe6,1.1
Nd2O3,4.4
Ba2YInTe5,1.36
Cu9S5,0.0
LiSbSe2,0.68
Li5Mn3(FeO5)2,0.0
LiInAg2,0.0
Li4Co3CuO8,0.0
Cd12Ge17(B4O29)2,4.29
Ho4C7,0.0
RbCu(SbS2)2,1.6
Li2Ni2SbO6,0.0
CsCdInSe3,2.4
Hg2Rh,0.0
ZrAlW,0.0
Ce1.3Lu0.7S3,1.25
ZrNiGe,0.0
Na2S,2.4
Sb2Te,0.0
TlInTe2,0.62
Rb2Cd3S4,2.92
CuPS3,2.2
DyB2Rh2C,0.0
SnHgO3,1.6
BeGaRh2,0.0
Al2Se3,3.1
Li4Mn3Cr3O12,0.0
CdSb4MoO10,3.4
CsNa2Sb,0.8
Ta2O5,4.2
Cd(PS2)2,3.76
Zr3NiO,0.0
Fe10O9F11,0.0
CrIrO4,0.0
Ba3Co10O17,0.0
HfC,0.0
LuMnSi,0.0
CsInHgS3,2.3
DyBiPd,0.0
Sm2Mo2O7,0.0
U2SnRh2,0.0
LiCa3As2H,1.4
AuBrO2,0.0
GaBi25O39,2.99
Bi2Pt,0.0
LiAsS2,1.6
CsZrPSe6,2.0
Ca3Sn2S7,0.0
TbMn5Ge3,0.0
RuCl3,0.0
CaGe2,0.0
Nb3Te,0.0
PdSe,0.2
LaInS2O,2.73
Al(NiS2)2,0.0
Ca11Ga7,0.0
Na4Mg(GeSe3)2,2.53
Zn0.95Ga0.05P0.05Se0.95,2.4
Hg3As,0.0
BaTbMn2O6,0.0
Sr2MgReO6,0.0
Ba3Gd2(PS4)4,3.41
Ti2NiH,0.0
YbDyPd2,0.0
Na0.75Eu1.625Ge1Se4,2.0
Cr2GeC,0.0
HfInCu2,0.0
Tm2Ga10Os3,0.0
SmB66,0.8
Tb3Si,0.0
Li2Fe3CoO8,0.0
Na11Ti20O40,0.0
Nd4Ge3Rh4,0.0
Ti4ZnO8,0.0
Cu10Sb3,0.0
In2HgS4,2.0
Rb4Ti3S14,1.59
Ce3In3Ru2,0.0
Sm3(Sb7Te12)2,0.0
Sb2I2F11,0.0
Li3MnAs2,0.0
LuSiIr,0.0
V3Ag,0.0
U(CuP)2,0.0
PrGeAu,0.0
Pr4Te7,0.46
Al2(CuSe2)3,0.0
ZrGaPt,0.0
NdErZn2,0.0
Sn0.15Pb0.85Se1,0.13
Cs4Zr3S14,2.35
TmLuPd2,0.0
Ga1.002Sb0.998Se0.006,0.7
Tb2SbO2,0.0
Sr2Li2Nb3O10,0.0
TmMnO3,0.0
BeTcSe,0.0
Li3Mn(CuO3)2,0.0
K2Sn3(SbS5)2,2.3
Cs2ZnGe3S8,3.33
Sm2TlZn,0.0
KTa3(TeO6)2,4.06
Na5Cu7O13,0.0
In0.07Te1Pb0.93,0.32
Cs2ZnGe3Se8,2.31
Cu2OF2,0.0
LiIn2Rh,0.0
BePd3,0.0
Zn2Sb3O8,0.0
Er2C3,0.0
TmAl4Ni,0.0
Ba5Bi3,0.0
Ba3NaIr2O9,0.0
CoAsS,0.6
Ca5(Bi7O13)2,2.6
Li4TiCr3O8,0.0
Cr4Cu3Te8,0.0
Cs4In8GeSe16,2.2
Sr2Pr2Pt1O7.07,3.05
Sr2TiO4,3.41
Eu7(Ga3Sb4)2,0.6
Bi2Se3,0.35
Cr2O3,3.4
Ca3Au4,0.0
Ti2B,0.0
Ti3Be,0.0
Sm2Fe17,0.0
Zr3(Al2C3)2,0.0
U(Al2Fe)4,0.0
U3Cu2Se7,0.0
HoTiGe,0.0
PmSnRh2,0.0
U2MnN3,0.0
Fe2Cu(PO4)3,0.0
GdCd2,0.0
Nd(SiIr)2,0.0
CsYHgSe3,2.54
Ga1.01Cu0.99Se2.01,1.59
Sr(CoP)2,0.0
Mg2PdAu,0.0
Rb2NbCuS4,2.64
BaNa2SnSe4,2.46
Li3CrCo3O8,0.0
KTbSe4,1.65
LaGa,0.0
La(FeAs3)4,0.0
TlN,1.4
Er2O3,5.42
Ga1As0.4P0.6,2.1
Li5La3Nb14O42,0.0
SmAu3,0.0
Yb3Al5O12,0.0
Na5Fe6(SiO3)12,0.0
Dy3Al0.5Si1S7,2.22
AsPPt,0.4
Mg3(Ni10P3)2,0.0
Sn0.03Te1Pb0.97,0.21
Ga1As0.2P0.8,2.2
KPPbO4,4.44
Tl2Te3As2Se,0.67
Na2TeSe3,1.87
Ba3Cd(SnS4)2,2.75
Li4.5Fe0.5Te1O6,3.25
RbH2(IO3)3,4.07
LiCuPO4,0.0
K4Ge(PSe3)4,2.0
Cr2NiS4,0.0
Cr4As3,0.0
DyYAg2,0.0
K2Gd2Sb2Se9,1.33
Hf(VH2)2,0.0
Ga4PbS7,3.08
Ba(FeS2)2,0.0
CeAl2Pt3,0.0
HoCu4Pd,0.0
AsS,2.4
BiTeNO6,3.62
NaCd4P3,1.1
Th(SiRu)2,0.0
Al0.4Ga0.6P1,2.35
Mg2GeSe4,2.02
CaHg2,0.0
BPb2ClO3,3.99
Al0.01Ga0.99P1,2.27
Hf(CoSi)2,0.0
In0.04Te1Pb0.96,0.37
Ti2ReRu,0.0
Zr1.86Cu1S4,1.26
Hf3(NiGe)4,0.0
Na2Cr7O14,0.0
Ba8Ta7O24,0.0
PrNiGe2,0.0
Al0.75Ga0.25As1,2.42
UAl4,0.0
ScSnPd,0.0
LiFe2(PO4)3,0.0
Cd3Te2MoO10,3.81
AgPt3,0.0
Li9Fe3(WO4)7,0.0
Er2Te3,0.9
YNi4B,0.0
Ho(MnSn)6,0.0
CsPSe4,2.44
Sn0.15Te0.15Pb0.85Se0.85,0.18
Rb9Bi13S24,1.3
Er3Te4,0.9
Dy(CuTe)3,0.34
Eu(InTe2)2,1.22
In1.1Cu0.9Se2.1,1.06
HgPt3,0.0
Li2TeMoO6,3.5
Li4Co2Ni3O10,0.0
HfB4Ir3,0.0
InAu3,0.0
In3CuS5,1.2
Fe6W6C,0.0
Cs2Hg3S4,2.8
Ba3Eu(PO4)3,4.09
Zn0.01Ga0.99Sb0.99Te0.01,0.72
Ba2CuWO6,0.0
MgSnRh2,0.0
Ge0.05Te0.95Pb0.95S0.05,0.4
Yb2EuS4,1.6
BiSCl,1.89
CeAl3Ni2,0.0
PW5O17,0.0
Lu2Al3Co,0.0
Na2Mo2Se2O11,3.1
Ba3Ta2ZnO9,4.32
K2ZnTe2,3.0
PPdS,1.38
MgTe,3.6
As2Os,0.9
Al0.45Cd0.55Sb0.45Te0.55,1.93
Ba3(LiSn2)4,0.0
TbH2,0.0
Ta2OsW,0.0
SmNi2B2C,0.0
B2Se2O7,4.64
Mn2GaW,0.0
Ba2GaSbTe5,1.66
Na2Zn(GeSe3)2,2.36
CsHo9(Cd2Se9)2,2.06
Yb2EuSe4,1.3
K3Sm(AsS4)2,2.2
Rb3Nb2AsSe11,1.5
ScZnPt2,0.0
Mn3Cr3(CoO8)2,0.0
YSn3,0.0
EuSe,3.1
Ba3(AlGe)2,0.0
TiAsRh,0.0
CuBS2,3.61
LiMg2Ag,0.0
K2Se,1.8
ErSiPd,0.0
TbInIr,0.0
Na2Ge2Se5,2.38
PSe,2.5
Dy2O3,5.0
Bi4I,0.0
La2PI2,0.0
LiPr2Ru,0.0
AlV(TeO4)2,2.9
DyAg,0.0
Ba2SnSe4,1.9
Ca(GdS2)2,2.55
Mn2CoAs,0.0
CdBr2,4.47
Sc(TiN)9,0.0
Tb(CoB)2,0.0
Li3Ni(SbO3)4,0.0
RbInGeS4,3.1
CaAu5,0.0
InCuS2,1.5
UGeRh,0.0
PrCd,0.0
LiInTe2,1.46
Ba7B3O9F5,4.94
EuCuSeO,0.0
Sm(CuO2)2,0.0
Nd2ZnGa,0.0
Pb2SeN2O9,3.76
Si0.07Ge0.93,1.04
K3Bi2I9,2.1
BiSe,0.4
In0.01Te1Pb0.99,0.53
TlBiTe3,0.5
Gd6Ge2.5S14,2.2
EuS,1.65
Sc11(AlGe4)2,0.0
BaNa2SnS4,3.27
ZnGaRh2,0.0
LaTb3,0.0
Ba(BRh)2,0.0
Cu5(Si2O7)2,0.0
VBi24O41,3.25
Si0.4Ge0.6,0.9
Li3Ni3(PO4)4,0.0
Na2Te,2.3
KBi3S5,1.21
NiI,0.0
CaGa3Ni2,0.0
TaTlS3,0.78
Cs3Sb2Br9,2.3
Sm(BOs)2,0.0
K3(FeS2)2,0.0
Hf5Sn4,0.0
Sm3Al0.33Si1S7,2.26
YbGeRh,0.0
La2Nb2N2O5,0.0
SiB3,2.0
P2H4RhO9,0.0
Cs4BiAs3Se7,1.02
ErTlPd,0.0
Ga3Pt2,0.0
Mn(SbO3)2,0.0
Y(CuSe)3,0.88
TlGaTe2,1.8
AlCuS2,3.5
YbH2ClO2,0.0
ReO3,2.3
HoTiO3,0.0
NbSnIr,0.28
Cu2PHO5,0.0
Th(Al5Fe)2,0.0
Ti2CuS4,0.0
SrTl2,0.0
LiScHg2,0.0
CrCu2Si,0.0
Sm(SiAg)2,0.0
ThCrB4,0.0
Eu1.75Ag0.5Ge1S4,2.14
TmScHg2,0.0
Cs3Li4(BO2)7,6.53
Ba2NdInSe5,2.2
Fe3B,0.0
Cs2Hg3I8,2.56
Cs5Bi(PSe3)4,1.85
LiEr2Ga,0.0
Hf6PbO18,0.0
CsLu7S11,1.86
Ho(SiPd)2,0.0
UP2S7,1.41
Ce(InS2)3,1.11
Cd3Sb2,0.3
In2Se2O7,2.97
HoCdCu4,0.0
Gd2O3,5.3
Rb3Sb,1.0
ZrHCl,0.0
In2GeTe3,0.68
HfTl3,0.0
MgInAg2,0.0
Ca2Ti9O13,0.0
AlCu7O12,0.0
Dy3GaS6,2.81
Li2FeSnS4,1.86
In1.85Cu0.15Se2.85,1.32
NdIn3,0.0
Bi2O5,0.0
RhSe2,0.6
Cs2P2PdSe6,1.6
CuMoO4,0.0
KAsSe2,1.62
Sr8Co8O23,0.0
KYb2F7,0.0
K2Cd3Se4,2.36
Ba2GdInTe5,1.36
Na3In2Au,0.0
NbPt2,0.0
Mg3Sb2,0.8
Ba2ThCu2Se5,1.75
LuCd4B3O10,3.7
CrCoPt2,0.0
LiPm2Ga,0.0
ZnCu2GeSe4,1.63
PdS2,0.75
CsMnSb,0.0
YbZnPt,0.0
LaBiAu2,0.0
La2In,0.0
Ag7AsS6,1.0
TmH2,0.0
Al0.6Ga0.4As1,2.3
Lu3BC3,0.0
Y(TiGa2)2,0.0
U(CoGe)2,0.0
SiTe2Os,0.0
YMg4Cu,0.0
MgIn3,0.0
Ti2C,0.0
CsGdO3,0.0
Ga5Pd13,0.0
Sr2ScSbO6,3.57
ThSi,0.0
NdB6,4.9
NaBi3,0.0
LiCa2Ge3,0.0
KSb(SO4)2,4.64
RbCd4Ga5Se12,2.19
Nd4O3F7,0.0
RbGaSnSe4,1.88
LaHg,0.0
Sn5(BIr3)2,0.0
Ce2Ti2O7,0.0
Sn(PO3)3,0.0
Te2Mo(WS2)3,0.0
Ag2PdO2,0.18
Bi2Te1.2Se1.8,0.28
ZnB12(H5O12)2,4.6
SmCrGe3,0.0
RbBi2,0.0
Te2MoWS2,0.0
PrAl3Ni2,0.0
TbGa3,0.0
Rb2Na2IrO4,0.0
Eu(SbS2)2,1.2
Ti11O18,0.0
Nb2AgPS10,1.78
Tb2Ti3Ge4,0.0
Th2Se5,0.37
La5SmS8,0.0
Be3N2,3.8
MgNiSb,0.0
Th(GePd)2,0.0
Ba3Sb2S7,2.4
Li8PrO6,0.0
Ce1Mn0.5Se1O1,2.01
CrCo2Bi,0.0
Ti(Bi3O5)4,3.09
BaCu2SnSe4,0.48
In0.3Ga0.7As1,1.0
Zr5Al3C,0.0
PrBN2,4.0
Ba2B4H2O9,5.12
LiCdBO3,4.28
VPt2,0.0
Mg2TiIrO6,0.0
Sr2Co2O5,0.0
CaZn3,0.0
In1Ga1Cu1S3.5,1.84
B6P,3.3
Ca3Cu2(ClO2)2,0.0
RbF3,0.0
DyInPt2,0.0
Mg2MnN2,0.0
Fe3Si,0.0
Si0.2Ge0.8,0.86
NdZn2Ag,0.0
Mg9CuO10,0.0
Ba2FeReO6,0.0
La(InS2)3,1.03
BaGe4(IrSe3)2,1.33
HoCd3,0.0
NaY(Te2O5)2,3.9
Gd1Mn1.95In1.05S5,1.66
CdSnO3,3.0
Er3SnC,0.0
La20Cu9O40,0.0
Ba2SmCu3O7,0.0
Zn0.99Ga0.01P0.01Se0.99,2.6
Ni4(PO4)3,0.0
Sb8I2O11,2.72
ErAgSn,0.0
Y(Al5Fe)2,0.0
Sm3Sc,0.0
BiPd,0.0
Ge40Te5.3I8,0.8
Hf2Hg,0.0
Li8TiNi7O16,0.0
K2Hg3(GeS4)2,2.64
TmB2C,0.0
In(PSe2)2,1.29
Tl2S,1.0
PrAs,1.0
CrTe2,0.17
K2La2Sb2S9,2.2
SnO2,3.6
Co5Ge7,0.0
SrCuBi,0.0
OsS2,2.0
RbV(CuS2)2,1.45
Li3V12O29,0.0
Li2Ga(GeSe3)2,2.64
Y4AsSe3,0.0
UP2S9,1.41
MnCoSi,0.0
In1.3Cu0.7Se2.3,1.1
Sn0.01Te1Pb0.99,0.23
Zr5Sb3,0.0
LuUO3,0.0
Gd(SiRu)2,0.0
Ca2Co9O13,0.0
CsBi2,0.55
GeAs3,0.0
Zn2BIr2,0.0
TiS2,1.95
Er2Se3,1.66
Th(FeSi)2,0.0
SrB2,0.0
Ti6H2O13,3.4
Cu15Si4,0.0
K3NaSn3Se8,2.2
Er5Bi3,0.0
La4Cd4In2S13,2.27
KUCuSe3,0.0
Tb(CuSe)3,0.16
Lu2TlAg,0.0
Mn3NbO8,0.0
Yb2ZnPb,0.0
EuSnO3,0.0
TlAsS2,2.15
CaPd3C,0.0
Li2HgGe,0.93
Rb7Th2(P2Se7)3,2.07
Pb1Se0.9S0.1,0.27
Ga1As0.9P0.1,1.5
PrLuSe3,1.56
LiTm2Rh,0.0
Dy5Pb3,0.0
Eu(NiAs)2,0.0
CuBiSeO,0.82
YTmCu2,0.0
Ba2HgS5,2.4
LuAg2,0.0
Ca3Zr17O37,0.0
CsGeI3,1.6
SnSb3(PO4)4,0.0
LaCu6,0.0
BaPt5,0.0
La2Ni5B4,0.0
Yb11(Ni10C)6,0.0
Co2O3,0.0
Li2MnGeS4,3.06
Zn0.65Hg0.35Se1,1.0
In2HgSe4,0.6
Cs2Cd0.25Hg5.75S7,1.66
P2Pd,0.65
LiCa2Ga,0.0
Li2SnIr,0.0
Y2Ge2O7,0.0
LaF3,6.6
Ta2TlO6,0.0
RbZrPSe6,2.0
CsTm9(Cd2Se9)2,2.16
K2PAuS4,2.63
BaUSe3,1.0
In0.01Ga0.99As0.99P0.01,1.43
SrTaNO2,1.99
Ce(HO)3,0.0
Ba2ReNiO6,0.0
Sr2GaCo2O7,0.0
CrIrO6,0.0
EuSnTe2,0.6
DyAgGe,0.0
LiGaAg2,0.0
CsVP2S7,0.0
Ca3BiSb,0.0
PrCuSO,3.03
TeI4,1.1
Ga0.07Te1Pb0.93,0.34
K2RuCl6,0.0
SrSe,4.42
Cs2NaMgF6,0.0
Li2ZnSnS4,2.87
Nb2Tl3CuSe12,0.8
Ba3Ta5NO14,2.8
TbB(SbO4)2,3.53
CsAg2AsS3,2.7
Rb3Al3Ge7Se20,2.4
Na2TeS3,2.35
Li3AlP2,2.75
ScCuO2,3.3
LuAl2Pd5,0.0
Cs2SiB4O9,6.53
Cd0.7Hg0.3Se1,0.55
InSiTe3,0.0
YCdPd2,0.0
Te4MoW3S4,0.0
Ho2Co17,0.0
RbF,10.4
Mn5Ge2,0.0
POsS,1.4
Na2In4Se6S,1.92
KY(TeO3)2,3.8
Li3Cr(NiO2)4,0.0
SrSbAu,0.0
LiMn(PO4)2,0.0
Ca3TlN,0.0
Rb2NaVF6,0.0
InAsI,0.41
Ga1As0.3P0.7,2.16
La3NiBr3,0.0
Ga1As0.6P0.4,1.91
U2Cr30P19,0.0
Dy2(GePt3)3,0.0
TbSe2,0.0
Hf4Co4Si7,0.0
EuSb4Te7,0.54
Tm5Ti5O17,0.0
NaTl,0.0
DyAgHg2,0.0
YCd4B3O10,3.78
TiTlPS5,1.3
Tl6Cu(TeO5)2,2.3
La3AlN,0.0
Tm2In,0.0
BaIn2Ir,0.0
Ce2CrN3,0.0
CsAgSb4S7,2.04
Ni3S4,0.0
PrErMg2,0.0
PmCdPd2,0.0
Tl2TeS3,1.6
BaAl2,0.0
NdSnRh,0.0
Yb8Ge3Sb5,0.0
PrErIn2,0.0
CsAu,2.3
Ge0.05Te1Pb0.95,0.34
AsSI,2.05
LaRe2Ag,0.0
RbCu2SbS3,1.67
Cr2SbTe,0.0
Sc5NCl8,0.0
BaCaB2O5,5.6
CdCu2SnS4,1.37
Li2GaPd,0.0
Ce(PPt2)2,0.0
Rb2Sn3(SbS5)2,2.33
TlNi,0.0
YbTe,1.8
Li2U(MoO5)2,0.0
Zn(FeN)2,0.0
Sm2RuAu,0.0
Sr(CeS2)2,0.0
Li5Cr2Ni5O12,0.0
Ce15B8N25,3.5
LiTi3O6,0.0
Li5Co2Ni3O10,0.0
Nb3IrSe8,0.0
Zn0.01Ga0.99P0.99S0.01,2.25
In0.4Ga0.6P1,2.05
TbSnAu,0.0
CsCeCdSe3,2.4
AlIr,0.0
TbPt,0.0
B5Mo2,0.0
Sr2La2.58Bi5.42S14,1.0
LiCo(CO3)2,0.0
InBi2Se4Br,1.21
TlPSe2,0.5
LuPt3,0.0
CeAl2Pd5,0.0
Rb4Mo5(PO11)2,3.51
TiReN3,0.0
Ga1.2Cu0.8Se2.2,1.58
ScBIr3,0.0
Rb2FeI4,0.0
Li2NdAs2,0.0
BaTh3,0.0
Cs2Cu2Sb2S5,1.6
Dy6FeTe2,0.0
Ga3CuTe5,1.09
LiErAu2,0.0
Cs2SCl6F,0.0
GdGeRu,0.0
InAgO2,4.2
ThTeO,1.45
KAg2SbS3,2.1
TePb3Cl4O3,3.79
PHPbO3,3.97
CdAg2(PS3)2,2.49
Li3ScN2,2.9
Sc2MnC,0.0
CsYbCoSe3,0.95
Ca5Sb3,0.0
KBaB5O9,3.65
Te2Au,0.0
EuScO3,0.0
CaVO2,0.0
Ba2DyGaSe5,2.35
NdGa2Ni,0.0
Cd0.01Hg0.99Se1,1.72
TbInAg2,0.0
U4S3,0.0
Cd(In15Te23)2,1.17
La5YbS8,0.0
In0.3Ga0.7P1,2.2
BaTl3,0.0
Er3Al3NiGe2,0.0
La3Mo4O16F,3.7
LiCaO3,0.0
V2Zn3TeO10,2.96
Sr10Al4Si6O,0.0
Li4(FeO2)9,0.0
Sr2Be2B2O7,8.0
CuBiSO,1.07
Bi2Te0.3Se2.7,0.24
SmAg,0.0
Rb5Tl3O,0.0
Sc5Bi3,0.0
CoSb3,0.49
Ti2CoGe,0.0
Sr(Sb3Ru)4,0.0
LaNbN2O,1.7
TbYbHg2,0.0
Ba3Sn0.87Bi2.13Se8,0.79
Ba3YIr2O9,0.0
La3LuSe6,1.26
Eu(ZnGe)2,0.0
Al0.6Ga0.4P1,2.4
Zn2MoSeO7,4.2
NdF3,6.15
Pr2GeSe5,1.8
GaCuGeSe4,1.38
MnGePd,0.0
AsP,0.23
Hf4Al3,0.0
K2Mo2Se2O11,3.3
Zn0.2Ga0.8Sb0.8Te0.2,1.15
Sr8.007Ge2.043Bi7.949Se24,0.74
BaGa2SiSe6,2.88
RhS3,1.5
Mg2Zr14O5,0.0
Sn3WO6,2.49
BaNaB5O9,4.78
Bi1.4Sb0.6Te3,0.17
LiY2Ru,0.0
Pr6Fe13Si,0.0
ErLu3,0.0
NaAsO3,0.0
Nd(CoGe)2,0.0
SmCuSi,0.0
Mn2Hg5,0.0
Re3As7,0.0
SbOsSe,0.4
ThRu3C,0.0
Tm2IrPd,0.0
NaCd2Au,0.0
KTi5Se8,0.0
NiO,4.0
Ba3InS4Cl,3.42
DyZrSb,0.0
Ce(SiAu)2,0.0
HoInPt,0.0
Li6FeO6,0.0
SrSiPd,0.0
PPdSe,0.15
In0.6Ga0.4As0.6P0.4,1.25
MnSbRh2,0.0
TiTc2Sb,0.0
Zn0.15Ga0.85As0.85Se0.15,1.47
Sr2ZnReO6,0.0
Cu9Se4(Cl3O7)2,0.0
Sn1Se0.01S0.99,1.08
Ba2NaCu3S5,0.45
Na2CdSnS4,2.52
Cu8O,0.0
Ag8SnSe6,0.71
Ba5In4Bi5,0.0
CuBiPbS3,0.12
Ba3Nb2CoO9,0.0
CeMgNi4,0.0
CeB2Ir3,0.0
LaBPt3,0.0
Ba2TbIrO6,0.0
PrMoO4F,3.64
Zn0.2Hg0.8Te1,0.07
CaYbInSe4,0.0
Al0.35Ga0.65As1,2.0
TaCu3S4,3.0
Ge3Bi3O10.5,3.3
Eu(ZnSi)2,0.0
CrSi2,1.3
Ce2S3,1.12
La2Ga0.33Sb1S5,1.76
Pb1Se0.95S0.05,0.26
LiIn(IO3)4,4.27
Ga8Cu3Mo2,0.0
ZrInCu2,0.0
Gd2Te3,0.74
Sn1Se0.2S0.8,1.03
TmCdAg2,0.0
YbCdHg2,0.0
Li2MnCu3O8,0.0
Y(Al2Cu)4,0.0
Li6Mn5CoO12,0.0
LiTiSiO4,0.0
ZrB2,0.0
Hf2Tl,0.0
LiLu2Ru,0.0
Tb(GeRh)2,0.0
UGa3Ni,0.0
PH6NO4,6.8
Sb2Ru,0.3
Cs1.43Cd1.43Bi2.57S6,1.28
EuPPt,0.0
TmU2S3O2,0.0
Zn0.94Hg0.06Te1,2.03
GaFe3,0.0
Cd0.2Ga0.8Sb0.8Te0.2,0.8
Cu4W(SCl)4,0.0
KPSe6,2.16
YbZnAu2,0.0
Sr3Se3ClO8,4.4
Eu3Sb4Se9,1.08
BeSiRu2,0.0
UCoSi,0.0
LiCd2Rh,0.0
V2OsRu,0.0
BP,4.2
Rb2TeI6,1.4
CaEu2O3,0.0
Cd4P2Cl3,2.17
Ca3SbN,0.0
GaAgGe5Se12,2.14
Na2Sn2Hg3S8,2.45
Ga1Sb0.3As0.7,0.67
Na2LiTa,0.0
Li3Dy,0.0
BeSe,4.0
NdAl7Au3,0.0
TlSn,0.0
Mg5Tl2,0.0
Ho2GeS5,2.5
YAs,0.0
TaNiB2,0.0
Li2Sn5,0.0
Gd1.47Mn2.04In0.49S5,1.75
Y3Si3Pd2,0.0
BPb7Br3O7,2.62
KCd4Ga5Se12,2.16
In0.99Ga0.01As0.01P0.99,1.3
PbN6,2.98
K6CdTe4,2.51
SnGeS3,2.23
Li5Fe6(BO3)6,0.0
VSb,0.0
CrFeP,0.0
Gd3(AlNi3)2,0.0
IrSe2,0.9
Ce3B2(ClO2)3,0.0
Te2Mo3Se4,0.0
CaMg2N2,3.25
Li4Mn5NbO12,0.0
CuSbPbS3,1.31
Bi2I4O13,3.3
Nd2(SnSe3)3,0.5
TiS3,0.9
P2H12N7Cl,0.0
Li0.33Ti0.67Ag1O2,2.7
Mn3SbO8,0.0
Ba2FeMoO6,0.0
Rb2SCl6F,0.0
Zn3.5Ga1Sn0.5O6,2.99
Al0.2In0.8P1,1.7
In0.2Ga0.8As1,1.07
SrTh(PS4)2,3.02
Ni4(BiO2)9,0.0
Al6Ru,0.0
Ce2ZnNi2,0.0
KInSe2,2.68
Ti4NiBi2,0.0
DySn3,0.0
U2AlCo2,0.0
TiAl,0.0
MnGaPt,0.0
ScSbRu2,0.0
CdCu2SnSe4,0.96
Ti9O10,0.0
Tb4GaSbS9,2.44
AgPd(IO3)3,1.5
Li2V3FeO8,0.0
Yb16S29,0.0
SrZnSb2,0.0
TiPO4,0.0
Cd1Se0.01S0.99,2.4
Ca3Bi(PO4)3,4.2
K(OsO3)2,0.0
Li5Co2O2F5,0.0
In0.4Ga0.6As1,0.81
VGa(TeO4)2,3.0
Dy2AlCo2,0.0
Fe12As5,0.0
EuBi3,0.0
Ho2CuRh,0.0
Ba8Al10B12O41,3.1
U6Co,0.0
NdAgPb,0.0
Nb2Cr4Si5,0.0
Cu9O13,0.0
Rb2Cd3Te4,2.3
Lu5(Si5Ir2)2,0.0
Pr4Sb3,0.0
LiBiS2,0.11
Y2U3O11,0.0
GdAs,0.63
Bi2Te2.1Se0.9,0.29
Cd0.204Hg0.796Te1,0.06
NaLu(Pd3O4)2,0.0
LiMn9Se10,0.0
Bi0.4Sb1.6Te3,0.21
Ag2P2PbO7,0.0
EuCo8P5,0.0
K3V,0.0
U3Bi4,0.0
ScSi3Ni,0.0
ZrTi2O,0.0
BaMn4ZnO8,0.0
In3Bi7(Pb2S9)2,0.0
Ga2CuSe4,0.63
Mn(CoO2)4,0.0
TmBRh3,0.0
Ga1Sb0.99As0.01,1.37
Cd4Sb3,1.25
ScSbPd,0.23
Mn5As4,0.0
VP4,0.0
CrFe2Sb,0.0
YV(BiO4)2,2.09
GeO2,5.54
SmLuTl2,0.0
P2Os,1.13
Li8PO3,0.0
Ba3B1.5Sb0.5S6,3.01
Ba4Ga4SnSe12,2.16
Pb1Se0.5S0.5,0.33
In0.3Ga0.7As0.7P0.3,1.67
AlAgO2,3.6
La4Fe(SbSe5)2,0.85
KThCuS3,2.95
Cd1Se0.35S0.65,2.13
Si0.0645Ge0.9355,1.04
Nd2Ni7P4,0.0
Ca3Ti2(SiO4)3,1.65
Zn8Ag5,0.0
CaIn2Ir,0.0
B4C,1.64
Tm(SiOs)2,0.0
TlPS2,1.6
Zn0.9Ga0.1P0.1Se0.9,2.3
Cd1Se0.99S0.01,1.68
Ce3(Al3Ru)4,0.0
Pr(FeSi)2,0.0
Mn(PbO2)2,1.5
V2Pb4(Se2O7)3,3.37
Rb3Li4(BO2)7,6.53
Hf2Fe,0.0
Sb6Pb4Se13,0.65
In0.4Ga0.6As0.4P0.6,1.85
DyBPd3,0.0
RbCd4Ga5Te12,1.64
YbCuGe,0.0
YbSnTe2,0.75
K10Sn3(PSe3)8,1.82
Cd2PbO4,0.0
Zn0.99Ga0.01As0.01Se0.99,2.59
CdCu2GeSe4,1.2
BiSeI,1.28
AsSeI,1.76
Rh0.67Se2,0.7
Pr(BiO3)2,0.0
Ce8Sb2S15,1.99
BiIO3F2,3.97
CsAg2TeS6,2.04
Nd4MgRu,0.0
Tl2Mo7O22,0.0
ZrAlRu2,0.0
Yb(GaSe2)2,1.8
CaTiO2,0.0
Re3F,0.0
Ti2TcPd,0.0
BaLa2Te5O14,3.81
KLu,0.0
YIn2Ni,0.0
Li2ZnGeSe4,1.86
Rb4CuSi2O7,0.0
SbTeI,1.25
Ag2BiO3,0.0
KAu(IO3)4,2.75
Y(SiPt)2,0.0
Mg3(Ni10B3)2,0.0
HgBrCl,3.4
Eu(POs)2,0.0
LaH2NO5,4.76
GdCd4B3O10,3.8
Y(SiRh)2,0.0
NdSmHg2,0.0
Sr5V3O12F,4.5
Zn6S5Cl2,2.71
Li3(CoO2)4,0.0
USeS,0.0
Eu3S4,1.7
Cs2Li3(BO2)5,7.3
CsZn4In5Se12,1.61
Ga1.85Cu0.15Se2.85,1.92
Li2(FeO2)5,0.0
CuNi(CN)4,2.7
Hg3C,0.0
Eu(ErSe2)2,1.7
Ga1.005Sb0.995Se0.015,0.64
NaTi5Se8,0.0
TiCoGe,0.0
SmSnRh2,0.0
LiLu2Tc,0.0
CrNi3,0.0
HfO2,5.55
CoCu2Sn,0.0
VZnRu2,0.0
HgS,2.1
LaSi2,0.19
EuSb4S7,0.98
CsCd4Ga5Se12,2.21
Tl4CdI6,2.8
Li3Co3SbO8,0.0
Ba5Ge3,0.0
HgBr,2.6
GaAgTe2,1.1
SmPbAu,0.0
CeN,0.7
Li3CrO4,0.0
LiGaAu2,0.0
YbB2Rh3,0.0
Ca5Sn4S13,0.0
Mg17Al11Pd,0.0
KSb,0.9
KCl,8.5
Eu(FeSi)2,0.0
HfAlPd2,0.0
V3As2O9,0.76
KSm2CuS4,2.17
Mn2AlO4,0.0
Li5(BiO3)4,0.0
ScCoO3,0.0
SiSb3,0.0
Al9Rh2,0.0
Gd1.87Lu2.13Se6,1.56
PrMo3,0.0
K6Yb3(PS4)5,2.6
LaCdAu,0.0
EuF3,0.0
Re2PbO6,0.0
Ce(AlZn)2,0.0
YCo2,0.0
Rb2AgPS4,2.6
Li3Fe2SbO6,0.0
UO,1.5
Li9Ga13(Te7O22)3,4.45
Cs2NaCoF6,0.0
U2Cl5O2,0.0
LuScRh2,0.0
PrInAu2,0.0
YbMn2O5,0.0
Eu(TmSe2)2,1.8
Sn0.08Te1Pb0.92,0.13
CaI2,5.98
SrLi4(BO3)2,6.67
NdFeSi2,0.0
Cs0.4K0.6P1Se6,2.1
RbUAgS3,0.0
Li2Ga2GeS6,3.65
In2B(PO4)3,5.39
BaAgSbS3,2.2
Na2Zn3(SeO3)4,4.9
ZnWO2,0.0
Tl4CuTeO6,2.2
TlHg6S4Br5,3.03
Pr(MnSi)2,0.0
TbP,0.0
LaP3,0.0
Hg3PS4,2.03
Bi9S6O7.5,1.27
SmCdHg2,0.0
Mg3(B25C4)2,2.7
MgSbF6,0.0
Te0.5Se0.5,1.0
KB5PbO9,3.1
Ga1As0.8P0.2,1.62
UFeSi,0.0
Fe2S,0.0
Y2Ge5Ir3,0.0
HoC2,0.0
HfOs2,0.0
Dy(Al2Cu)4,0.0
ScNiSb,0.11
Co3H,0.0
Ni3Ge,0.0
Hf2Ni,0.0
MnSe,2.5
LaYbZn2,0.0
Ca2Sn,0.9
CaTi4O8,0.0
Li8GeN4,2.61
KTa3CuO9,0.0
CdSb2Se3Br2,1.4
K3Th2Cu3S7,2.49
Li4Cr3NiO8,0.0
Ba2ErGaSe5,1.95
MgCo2(PO5)2,0.0
Ho3AlC,0.0
Ca6Ag16N,0.0
Ga2SnGeS6,2.04
SmSnPd,0.0
Ge0.06Te0.06Pb0.94Se0.94,0.28
Ba6Sn6Se13,1.52
UAlNi4,0.0
LiBi3(ClO2)2,3.35
SmBiW2O9,3.39
CeSi2Ni,0.0
Lu(InS2)3,1.27
TbGa2Co3,0.0
IrPb,0.0
Y(CrSi)2,0.0
KV6O11,0.0
Ba(GaSe2)2,3.16
Cd0.5Hg0.5Se1,0.8
Rb2VCuS4,1.85
Eu2Ge(BO4)2,0.0
Sm2Se3,2.3
Ta4N5,0.0
Sm2(SnSe3)3,0.7
CaIrO3,0.0
Sn5(BRh3)2,0.0
BaLa2In2Se7,1.66
Li2NdSb2,0.0
Ba2ErInSe5,2.29
Li4Mn(WO4)3,0.0
Cs39Ga53(Se16Cl)6,2.74
Ba8Sn4S15,2.31
K3Ga3Ge7S20,3.25
Ge0.1Te1Pb0.9,0.35
La3Si1Sb0.33S7,1.92
Hg7.5As4Cl6,1.73
K2Ge2PbS6,2.85
MnAs,0.0
Te2Pd,1.8
Pr2Ir2O7,0.0
Ga1Sb0.25As0.75,0.65
Fe2O2F3,0.0
GdZnIn,0.0
CaCdPd2,0.0
U2Al3C4,0.0
K(CoSe)2,0.0
Cs2Cd3Te4,2.48
Li3Mn4(PO4)6,0.0
Ca(CoGe)2,0.0
Ag3RuO4,0.0
HoInAu2,0.0
NbSiIr,0.0
RbSc(SeO3)2,4.9
Mg2Ge,1.67
Ta2Tl4S11,1.26
U3Se4,0.0
BaGe2,1.0
ZnAgF5,0.0
LiNi2(PO4)3,0.0
Ca2GeN2,0.0
Li17Nb20O60,0.0
CoAsRh,0.0
Ca(CoS2)4,0.0
LaMg(FeO3)2,0.0
Y3Tm,0.0
AlB2,0.0
NbRu2Cl,0.0
BaNa2GeS4,3.7
PrZn,0.0
LuScRu2,0.0
Nd4Mg3Co2,0.0
La2Pr2O7,0.0
KRbBi8Se13,0.64
Rb2Tb3AlF16,0.0
YCdPt2,0.0
CdPd,0.0
LiTaRh2,0.0
RbC8,0.0
Te3MoWS,0.0
Cr2HgSe4,0.0
CrO3,1.4
Tl0.04Te1Pb0.96,0.57
Na2Zn(SnS3)2,2.93
DyCoSi2,0.0
Cs2CrCl4,0.0
Zr2CuS4,0.0
P2Se5,2.2
Bi2Te0.45Se2.55,0.2
BaSn3,0.0
YbSb4Te7,0.22
Ba6Ga2SnSe11,1.99
Ba2SnSe5,1.8
MnV(TeO4)2,1.9
Cd0.23Hg0.77Te1,0.12
SmMgHg2,0.0
In4Se3,0.64
SmSb2,0.0
ReSi2,0.12
BePd2,0.0
TiBi25O39,3.1
Ce2Fe(SeO)2,0.64
Er2Fe14B,0.0
VFeSb,0.46
Dy4GaSbS9,2.58
Ce2Al2Co15,0.0
YWO3,0.0
Ga2GePbSe6,1.96
Zn0.5Ga0.5As0.5Se0.5,1.52
LuNiBC,0.0
K2Ho4Cu4S9,2.43
GdB66,1.27
Tb3(MnC3)2,0.0
Rb2Cd(IBr)2,3.35
Nb3CuO8,1.47
BeTe,2.89
Sn0.07Pb0.93Se1,0.08
In3AgTe5,0.68
Mn2AlB2,0.0
EuSnAu2,0.0
Ba(InS2)2,3.06
Pr27Se40,0.0
Dy2C,0.0
TbZrSb,0.0
NbSe2,1.4
PrAgAs2,0.0
BSe2Cl,0.0
ScN,2.6
K2Cd(PSe3)2,2.58
Ba2DyInSe5,2.27
Sn0.13Pb0.87Se1,0.02
CrCoGe,0.0
Cu1.8S1,2.3
Mo2NCl8,0.0
YbPO4,0.0
NdAgAs2,0.0
Li2ZnSnSe4,1.87
CdCl2,5.7
Li4.5Ga0.5Te1O6,4.99
Pm2CuGe,0.0
La10Se14O,2.04
Dy(CoGe)2,0.0
ThMn4(CuO4)3,0.0
GaP,2.74
Li4.5Mn0.5Te1O6,1.97
TmAs,1.18
Sr2CoReO6,0.0
Sc(CuSe)3,0.3
Cs1.13Cd1.13Bi2.87Se6,1.0
Sm3Te4,0.51
Zn0.99Ga0.01Sb0.01Te0.99,2.1
Zn0.7Ga0.3P0.3Se0.7,2.15
Cd2InCuTe3,0.7
SmNiAs,0.0
BaSi,0.0
Ca2Mn9O13,0.0
Tm2AlOs,0.0
La3Ge3Br2,0.0
ZnIrO3,0.0
Tl2Cu2SnS4,1.4
GeP,0.95
LiInS2,3.56
K2Cd3S4,2.75
KYbSe2,0.0
GePb2(SeO3)4,4.1
TbCu5,0.0
SrIn2,0.0
In11.3Bi14.7S38,1.45
Cs3Nb9(TeO8)4,3.22
CaIn4Ir,0.0
Tm(GeRu)2,0.0
ZrGeRu,0.0
Re3P4,0.0
Hf2MnIr,0.0
Lu2AlTc,0.0
BH(PbO2)2,3.76
CsB3O5,7.42
SrAl,0.0
Mn2Cu(PO4)3,0.0
Cs3Bi2Br9,2.5
EuH2,1.85
Ba8Hg4Se7S5,1.98
BaTeMo2O9,3.12
La2Si5Rh3,0.0
ScCdAg2,0.0
HoMg2,0.0
U(SiNi)2,0.0
La16Mn15O48,0.0
Yb(SbTe2)2,0.34
Bi0.2Sb1.8Te3,0.28
Cd4Sb2I3,1.83
Li7Ca8Nb12O40,0.0
Sn0.25Te1Pb0.75,0.04
SbAs,1.6
HoSi,0.0
YAlGe,0.0
La2Fe(SeO)2,0.7
ErSe2,1.07
HfGaCo2,0.0
CsSmCdSe3,2.45
In0.8Ga0.2As0.8P0.2,0.85
Yb2MgS4,0.0
Re2W3C,0.0
MnNi,0.0
CdAg2GeS4,2.32
HoCd,0.0
Ca3Au,0.0
CsSn3,0.0
CuCN2,0.0
Sc3(ReSi2)2,0.0
Li2Ti3FeO8,0.0
Co3W,0.0
NiGe,0.0
KTaO3,3.5
RbTiBr3,0.0
CuF,0.0
Ba3Er2(PS4)4,3.3
K3Ta2AsSe11,1.45
Lu2InHg,0.0
ZnCu2SnTe4,1.39
Tm2MgTl,0.0
HfAsRh,0.0
TbZn2,0.0
Li3Fe(CoO2)4,0.0
Ga0.005Te1Pb0.995,0.37
Li2MnNi3O8,0.0
Yb2SmS4,0.0
LiYbF4,0.0
Tb2AlCo2,0.0
GdPbAu,0.0
Bi3Se2NO11,3.59
Eu2PBr,0.0
Na2Gd(PO4)2,4.19
Ba2GaBiTe5,1.43
Sr2V2(SeO5)3,2.96
Ce4Si3Rh4,0.0
Ge0.15Te0.15Pb0.85Se0.85,0.32
Ge0.01Te1Pb0.99,0.32
Ba2V2Te2O11,3.16
Pr2Ge2Se7,1.32
Be22Re,0.0
Ce3SiPt5,0.0
SnS2,2.43
TaBe2,0.0
Ba5(Ga2Se5)2,2.2
Tl2InGaTe4,0.88
Er5NiPb3,0.0
Dy7In(CoGe3)4,0.0
Ge(WO3)6,0.0
Cs2Cd(PSe3)2,2.63
BiSbTe3,0.19
Nd3In,0.0
Ce5CuSe8,0.0
NaBiS2,0.38
Lu2CdAg,0.0
Dy4CdRh,0.0
V2Si2O7,0.0
ZnI2,4.53
V2GaSn2,0.0
HfSiPt,0.0
SnCl2,3.9
Nb17Ir3S40,0.0
CeIr5,0.0
LaScSi,0.0
Cd0.07In0.93Te0.07As0.93,0.68
K2VCuS4,1.82
Mg(FeO2)4,0.0
Bi12Rh12O41,0.0
In4As5(BrO4)3,4.22
PbSeO4,4.3
Yb2HgPb,0.0
V5SiB2,0.0
Ba4Ga5CuS12,2.82
RbB5(H2O3)4,0.0
CuPtO2,0.0
SrLaMn2O6,0.0
Ca2SnS4,2.32
Nd(GePt)2,0.0
RbGe3,0.0
KCu2BiS3,1.29
TmMgCd2,0.0
Tb2In16Pt7,0.0
Zn3P2,1.15
Sr5Cd2Sb5F,0.0
CoPS,0.4
Ge0.05Pb0.95Se0.95S0.05,0.29
K3Cd(BO2)5,3.47
Cs2PdSe8,1.5
P2O5,0.0
Pb1Se0.01S0.99,0.37
Ca5B3O9F,6.53
USi3,0.0
MnIn2PbS5,1.45
Ba3ZrRu2O9,0.0
AlAs,0.0
Cs2Cd3(B4O7)4,4.76
CsEr9(Cd2Se9)2,2.09
Ca2Sn2F3,0.0
GeTe2,0.3
TiFe2,0.0
ThSi2Ru3,0.0
Sm2O3,5.0
LaIn5Ir,0.0
Tl2PAuS4,2.2
Sm2AlCd,0.0
LaZnAu2,0.0
Ba2YReO6,0.0
CeOs2,0.0
CsCeHgSe3,1.94
Y2O3,5.6
Y(SiRu)2,0.0
NiN,0.0
TmCu4Ag,0.0
Nd3AlC,0.0
Co(WO4)2,0.0
Ce3TaO7,0.0
NdGaO3,0.0
Cu0.96Bi2Se3I1,0.68
Fe3N,0.0
TlCuSe2,1.07
BaGa4Se7,2.64
InFe2CuSe4,0.0
Rb3Ga,0.0
TiFe2As,0.0
Ga1As0.1P0.9,1.22
CaMgSn,0.0
K4GeS4,0.8
K2Ce(PO4)2,2.46
CeZnPO,0.0
Li(NiO2)4,0.0
TlCr5SeS7,0.97
KNb2O5,0.0
TlGaSe2,1.65
NaInSnS4,2.4
Sc2TlTc,0.0
K2Al2B2O7,6.89
Pd16S7,0.0
KSnAuSe3,2.28
CsInSnS4,2.9
BaZn5,0.0
LiBePt2,0.0
MgCr,0.0
Sn0.35Te0.35Pb0.65Se0.65,0.09
Cr3N2,0.0
Ba2V4(TeO6)3,2.64
In5AgS8,1.76
ZrPd3,0.0
NdPt,0.0
Li4Ni3BiO8,0.0
VTe2,0.0
Eu(SbSe2)2,0.95
TmAlCu,0.0
SrTlHg2,0.0
Na2Si2Hg3S8,2.86
Pr2HgPb,0.0
CsWCl6,0.0
Ta2MoOs,0.0
Ca2Os2O7,0.0
Ce5(SiN3)3,0.0
Rb4Ge3B6O17,5.42
Rb3Sb2Br9,2.48
Ca(SmS2)2,2.05
MnSiNi2,0.0
TmMg2Sc,0.0
LiAl2Rh,0.0
Cr2P3O11,0.0
Zr2Se,0.0
UHg3(TeCl3)2,2.6
Ni2Ge,0.0
AlSn,0.0
Tb4Al2O9,4.59
Na2In2GeSe6,2.47
Gd3S4,0.0
Li3Ti3(PO4)4,0.0
Sr(In4Rh)2,0.0
CeBC,0.0
NdAs,1.04
Ge0.2Te1Pb0.8,0.4
Si0.1Ge0.9,0.8
V3Pb2Se5O18,3.14
TlAsSe2,1.35
K4GeSe4,0.64
CeAlSi2,0.0
AlFe4(CuO4)3,0.0
LaAl4Co,0.0
Al0.4Cd0.6Sb0.4Te0.6,1.8
Fe(PdSe)2,0.0
Li5Mn5(SbO6)2,0.0
TaAs,0.0
MnCu3,0.0
TlBiTe2,0.12
K2Ta15O32,0.33
HgCl2,4.45
AlAgSe2,2.55
Sc2GaIr,0.0
Na7.36Ga7.24Sn4.78Se24,1.5
Pr7Mn8O24,0.0
FeAgSe2,0.23
ErB2Ir3,0.0
As2Rh,1.15
Li2DyIn,0.0
Sr3(AlSn)2,0.0
CsGaSnSe4,1.97
Cd0.02In0.98Te0.02As0.98,0.73
K2MnSnSe4,1.7
Ge0.15Te1Pb0.85,0.36
Ti9O8,0.0
Ag2BBr,0.0
Li23(MnAs)20,0.0
TeSe,1.58
AgTe2As,0.8
BiO,0.0
Sr2GeN2,0.0
La2Ga2GeS8,2.78
NbAg2(PS4)2,2.02
Li5Fe2Ni3O10,0.0
Tb2GeS5,2.1
BaAu(IO3)5,2.32
Y(NiP)2,0.0
Zr0.67Ta1.33N3.03O0.12,1.71
CsK(PSe4)2,2.36
Nd(AsPd)2,0.0
Te0.4Se0.6,1.2
LiCo7O7F,0.0
Cs2Te,3.5
BaEu2Mn2O7,0.0
Cs(MoO3)3,0.0
Li2PrIn,0.0
Eu(BiSe2)2,1.02
HoZnRh,0.0
Li2(LuGe)3,0.0
ThHg2,0.0
Eu(AsPd)2,0.0
Ho(SiOs)2,0.0
Nd(Al4Co)2,0.0
HoAlB14,0.0
Yb2MgSe4,0.0
Bi2Te0.9Se2.1,0.28
Ba2GdGaSe5,1.87
VCu3(PO4)4,0.0
Y2CuO4,0.0
GdN,1.54
Nd(InS2)3,1.15
SmHg3,0.0
Tm4In(NiGe2)2,0.0
Tl2Hg3Se4,1.57
EuB(SbO4)2,3.46
SiAu3,0.0
ErBPd3,0.0
Rb3Zn(BO2)5,2.66
Ca10Ge16(B2O17)3,5.47
SmCuSeO,2.6
Cd0.28Hg0.72Te1,0.21
InAg3,0.0
KSc(SeO3)2,5.4
GaTc,1.42
ZrSb,0.0
Mn(SbSe2)2,0.31
K3Ga3Ge7Se20,2.23
SbOsS,1.2
Yb(SiAg)2,0.0
Ti2Cd,0.0
Na2B6O9F2,7.33
Ba4LiGa5Se12,2.65
Al0.15Ga0.85As1,1.6
SnI2,2.4
Eu3As2,0.6
Ga1.7Cu0.3S2.7,2.55
Sc2(PO4)3,0.0
TbHg2,0.0
Ir0.67Se2,0.45
Cd4P2I3,2.17
InBi2S4Br,1.5
Bi2Te2.7Se0.3,0.2
In0.005Te1Pb0.995,0.43
CuPd,0.0
Zn(CoO2)2,0.0
Ga1.8Cu0.2S2.8,2.65
LiPm2Ir,0.0
SmCoC2,0.0
NaH3(SeO3)2,4.9
Tb2Sb5,0.0
DyMn2,0.0
PdPb2,0.0
Gd2AlCo2,0.0
KScO3,0.0
NaCdSb,0.0
FeCuSe2,0.15
YMoO4F,3.78
Al0.01Cd0.99Sb0.01Te0.99,1.6
Ge0.1Pb0.9Se1,0.3
Cs3NaZn2Ge21,0.3
Eu2C(NO)2,0.0
LiTaO3,4.1
Mg4Sc3(SiO3)8,0.0
VIr3,0.0
TiMn2Al,0.0
Sm2ZrSe5,1.41
RbSbO3,0.0
Li3Co4TeO8,0.0
AlCuTe2,2.06
Li3PS4,3.68
In0.3Ga0.7As0.3P0.7,2.05
Na11Bi5O16,0.0
Pd3(PbS)2,0.0
Ge0.05Pb0.95Se1,0.28
Pr10Se14O,1.89
AgAu3,0.0
Nd10Se14O,1.98
LiCa2In,0.0
Cs2Sn3(SbS5)2,2.34
U3Nb,0.0
Ga1.001Sb0.999Te0.003,0.72
Al0.1Cd0.9Sb0.1Te0.9,1.36
SrMgSnSe4,2.0
Ba2SmInSe5,2.22
LuU2S3O2,0.0
Cs3V2Cl9,0.0
DyPO4,6.38
ScSbRh2,0.0
Ga1.5Cu0.5S2.5,2.43
Lu7(TePd)2,0.0
Bi1.6Sb0.4Te3,0.16
ErZn12,0.0
LiTm2Ru,0.0
Li3GaTe4O11,3.85
LiThAu2,0.0
Cu2GeS3,0.53
MgScAg2,0.0
Cs2Ti(AgS2)2,2.44
PmMgRh2,0.0
Dy1Te1.7,0.35
Mg(As2Rh3)2,0.0
Rb4Ga4Si19,1.18
YbCe2CuSe5,1.05
VPO4,0.0
AgBiS2,0.9
In0.72Ga0.28As1,0.55
Li2HgGeS4,2.46
Na2SO4,0.0
BaZn(MoO2)4,0.0
Ca(Ni2O3)2,0.0
UFe5Si3,0.0
Bi2Te0.03Se2.97,0.27
Ta11(CuO15)2,2.59
La6Sb4(SO4)3,2.6
K2Cd3Te4,2.26
AgBi(PSe3)2,1.4
In1Sb0.7As0.3,0.16
CsYTe3O8,3.4
Ba5Ga6GeP12,1.39
ErRu3,0.0
Ag9(PbO3)4,0.0
V3Cd4(TeO5)3,2.66
Hf2S,0.0
In2Bi3Se7I,1.38
Sc(GaFe)6,0.0
Yb(InS2)3,1.31
GdB6,3.6
Li6Fe3Co7O20,0.0
SmHoHg2,0.0
Na7(CoO3)2,0.5
Na6CoSe4,0.0
AlVCo2,0.0
Cd0.01Ga0.99Sb0.99Te0.01,0.72
Cd6P7,0.85
K2SmP2S7,2.59
Cu3(P2O7)2,0.0
Gd2ZrS5,1.88
TiOs3,0.0
U3Ni3Sn4,0.0
K2NbO6,0.0
Ba23Ga8(SbS19)2,2.84
Si0.9Ge0.1,1.04
LuGe2,0.0
Ge2Os,0.0
FeCuTe2,0.16
KIn(TeO3)2,4.0
DyZnGa,0.0
Ba2Ga8SiS16,3.4
ZnSb2MoO7,3.3
K2Mn(SnSe3)2,2.0
Ba5Sb3,0.0
H7Se2NO6,4.81
Na9(WO3)16,0.0
Nd2ZrS5,1.83
HoMgZn2,0.0
PrSb,0.66
FeBi(SeO3)3,2.54
CsTbZnTe3,2.12
Pr1Te1.9,1.0
Dy5Sn3,0.0
Ta3B4,0.0
Cs2Hg(ICl)2,2.15
ScAg(PSe3)2,1.55
Ga1.65Cu0.35Se2.65,1.81
BaGa4S7,3.54
K2Sn(AuS2)2,2.75
CsCd4Ga5Te12,1.67
RbInS2,3.3
Ni3SnN,0.0
La1Se0.14S1.86,2.5
NaSn2,0.0
SnSe2,1.62
CuClO2,0.0
Yb3Sn13Rh4,0.0
In1Sb0.99As0.01,0.35
VP,0.0
Ge0.1Pb0.9Se0.9S0.1,0.32
Ba3PN,0.0
Eu3(InP2)2,0.45
TiZn3,0.0
Na3UF7,0.0
Yb3Ti3O14,0.0
KP(HO2)2,6.95
Na3Tl,0.0
V2Sb(PO4)3,0.0
V2Bi4O11,2.0
V3CuO8,0.0
Sr(NdS2)2,2.45
Nb5Ga4,0.0
Ba5Al2Ge7,0.0
Si2SbO6,0.0
Nb3V(PO4)6,0.0
Sr0.5Ta1O3,3.7
Rb1.54Cd1.54Bi2.46S6,1.33
TlSbSe2,0.82
Mg3(MnAl9)2,0.0
La3Ga1Ge0.5S7,2.54
CsCd4In5Se12,1.62
Si0.001Ge0.999,0.65
Pt0.97S2,0.95
Zr2HBr2,0.0
Na2Se,2.0
In2Cu1S3.5,1.43
CaZnSO,3.7
YB2C,0.0
K2BaNb2S11,1.77
NaIn3S5,2.18
Er4NiB13,0.0
GaSiRu2,0.0
Tb6PbSe10,0.0
FeP4,0.32
YSbPd,0.27
Ca(BiO2)2,3.08
EuCu9Sn4,0.0
Nd4(GeS4)3,2.62
GaCuO2,1.47
In1Sb0.9As0.1,0.27
Li2Ni3TeO8,0.0
NaCeS2,0.0
Zn0.92Hg0.08Te1,1.9
Pm3I,0.0
ZnCu2SiTe4,1.47
Ta11(CuO6)5,2.58
TiFeH2,0.0
SbPt3,0.0
TiFe2Sb,0.0
Sm2(PPt2)3,0.0
LaZnAsO,1.5
MgCu2SiS4,3.2
Bi2(MoO4)3,2.9
Cs2ZnGe3Te8,1.07
Pt3Pb,0.0
Li7(Mo3S4)4,0.0
Bi7O5F11,4.05
Cs2Ba3(P2O7)2,6.31
TiNiSb,0.42
Ag7AsSe6,1.0
Zn0.99Ga0.01P0.01S0.99,3.7
Li4Mn5Ni3O16,0.0
MnCu2Sn,0.0
Ge(SeO3)2,5.27
Li2EuSn,0.0
Hf2ReRh,0.0
ZrRh,0.0
Ca2Bi2O5,3.34
U(MnSi)2,0.0
KCoO2,0.0
Pd2N,0.0
CoAs3,0.4
TmMnGe,0.0
SmS,2.3
In1Sb0.01As0.99,0.17
KAg2,0.0
Ba2InSbSe5,1.92
LaGaS3,2.5
TlN3,3.58
ZrHg4(AsCl3)2,2.48
Nd5Ge4,0.0
Pr4MgRu,0.0
Ca4Al3O10,0.0
NaCdAsS3,2.93
Ce2SiSeO4,0.0
GdB(SbO4)2,3.48
Nd3Ge5,0.0
Li3FeTe4O11,1.98
TeI,1.1
Al13Ru4,0.0
Ce3NbS3O4,0.0
YbBO3,0.0
CsRb2Sb,1.5
ScIr,0.0
Mg32Al36Ag13,0.0
Cd3AgPS6,2.56
In0.4Ga0.6As0.6P0.4,1.74
In0.8Ga0.2As1,0.5
Li7(NiO2)11,0.0
Al0.5Ga0.5As1,2.12
MgCuSb,0.0
Cs4Ge5(PbS4)4,1.95
VCo,0.0
CeHSe,0.0
Ba3Dy2(PS4)4,3.28
Y4GaSbS9,2.06
PrTaN2O,2.0
Ce6B2(CBr)3,0.0
YSi2,0.0
Bi2Te2SO10,3.6
Mo5As4,0.0
Er(Al10Cr)2,0.0
HoTiSi,0.0
ZnSiP2,2.07
In1.5Cu0.5Se2.5,1.24
GdScS3,2.1
Zn0.85Hg0.15Se1,1.8
Nb2(CoO3)3,0.0
Na2Cd(GeSe3)2,2.37
BaPrO3,2.0
UHg4(AsCl3)2,1.9
La8Mn7O24,0.0
Ga1.02Sb0.98Te0.06,0.68
Ge0.39Te1Pb0.61,0.56
Na2Pt(IO3)6,2.4
Nd5Ge3,0.0
VNi5(PO4)6,0.0
Ba4Ga5Si18,0.31
Zr6NiCl15,0.0
Th2In,0.0
RbHg3,0.0
In2As2Cl2O5,4.62
Fe2B(PO4)3,3.52
Ba2B6O11,5.17
Gd2Se3,2.2
ZrIr2,0.0
In3Au10,0.0
ThU8O18,0.0
Bi2SeI2O11,3.7
Yb(GaS2)2,2.3
La5Cu6.33S7O4,2.0
SbPb2S2I3,2.0
Ti2CoS4,0.0
Mg2Co,0.66
ThSeO,1.65
KUClO3,2.37
TlCr5(SeS)4,0.85
CdInCuSe3,1.66
VB2,0.0
Ba2YInSe5,2.31
Ga1As0.7P0.3,1.8
Ce8U2O21,0.0
ZrPd2,0.0
Ge3Sb,0.0
Ba4Ga5AgS12,2.52
Zr3Ag,0.0
SmTmZn2,0.0
RhSeS,0.7
HoMgAu2,0.0
TaCoSn2,0.0
Tm(MnGe)6,0.0
CeMoO4F,2.52
CsEuF3,0.0
BiPb2S2I3,1.6
TmCoSi2,0.0
BaAg,0.0
Rb2Te,4.5
TlCdS2,1.5
SrIn2(GeIr)4,0.25
AsBr3,2.6
LaB6,4.1
CaZn2,0.0
Sn0.06Pb0.94Se1,0.14
SbRh3,0.0
Ga1.1Sb0.9Se0.3,0.67
K2NbCuSe4,2.14
Zr2(Co7B2)3,0.0
SiSb,1.9
Ce3MnAlS7,0.0
Rb6O,0.0
Y(CuTe)3,0.72
Zn0.5Ga0.5P0.5Se0.5,2.13
Ba(InSe2)2,2.63
TiI,0.0
Li2PtO3,2.3
Li2LaTl,0.0
K0.8Sn2Hg1.2S8,2.78
GaAgGe3Se8,2.17
Ba3ErRu2O9,0.0
Sr3Li4La5O12,0.0
Yb2InPd2,0.0
P2Pd3S8,2.12
Yb(AlSi)2,0.0
Ba3Tb2(PS4)4,3.37
RbTbSe2,2.5
Gd(NiGe)2,0.0
CdIn,0.6
Li2MnO2F,0.0
Yb(Al2Mo)2,0.0
CeGaO3,0.0
MnP4,0.28
KLiCO3,6.32
Ba2BiSbO6,0.0
ScBPd3,0.0
LiYbPb,0.0
SrMgIn3,0.0
Rb2NaNiF6,0.0
Gd3.04Sc0.96S6,1.5
CsYbMnSe3,1.59
Eu2SnSe5,1.07
Ca(AlZn)2,0.0
YB66,0.8
Ga2Cu1S3.5,2.42
KInGeS4,3.1
TiPd,0.0
Cs3As,0.6
Sm(SiNi)2,0.0
ZrAu4,0.0
Si0.94Ge0.06,1.06
Ca(AgGe)2,0.0
Ba2ErInTe5,1.35
Sc14Cu14O37,0.0
MgPt5,0.0
Zn0.9Hg0.1Se1,1.75
Rb2CrF6,0.0
Rb2BaNb2Se11,1.53
CeInIr,0.0
Ca5Au2,0.0
Ga1.1Sb0.9Te0.3,0.7
RbAgF3,0.0
TlAgTe2,0.1
NiAsO3,0.0
Bi2Te2.4Se0.6,0.25
ScAgO2,3.8
SbPbBrO2,2.67
RbBa2(PO3)5,7.6
LiY(CuP)2,0.0
MnBe2Co,0.0
Ce4Te7,0.5
Ni23B6,0.0
Ba2Cd(BO2)6,4.59
Tb3Ge5,0.0
Ga9Rh2,0.0
Al9Ir2,0.0
Zn0.01Ga0.99As0.99Se0.01,1.39
MnTcOs,0.0
Ba2InBiS5,1.55
La3Si1Sb0.33Se7,1.75
Er5Si3,0.0
CeSi2Pt,0.0
LaCuSO,3.1
ZrCd,0.0
Al2FeNi,0.0
Cs2Mo15S19,0.0
K3LiNb6O15,0.0
Tm2Ru2O7,0.0
Sr2YReO6,0.0
TiGaIr2,0.0
Nb3VS6,0.0
NaIn(TeO3)2,4.0
AsOsS,1.3
Pd(IO3)2,1.31
Zn0.25Ga0.75As0.75Se0.25,1.51
Cu11Sb4S13,0.0
La20Mo12Cl4O63,2.4
Ca2CdPb,0.0
LiMgN,3.2
Ce4(GeS4)3,2.3
Tl0.01Te1Pb0.99,0.59
V4ZnO8,0.0
Ba2DyGaTe5,1.13
Li2MgSn,0.0
La2Rh7,0.0
Bi2Te0.4Se2.6,0.7
LaSi,0.0
PrFeGe2,0.0
TlCr5Se7S,0.71
SnPt3C,0.0
K6Cd4Sn3Se13,2.33
Zr5Sn3,0.0
TiTlSe2,0.56
CeMg2Ag,0.0
CdAsPd5,0.0
BaCuSbS3,2.0
Ba2GdGaTe5,1.12
Sn0.17Te1Pb0.83,0.15
Mg2CrN2,0.0
Ba14Na8CaN6,0.0
BaB6,2.64
K2Gd2Ti3O10,3.3
Na8NbO6,0.0
Ce3AlC,0.0
Ga1Sb0.85As0.15,1.1
Li3Mn2(CoO4)2,0.0
Ba5(GaSe4)2,2.51
ZrCrSi2,0.0
CoN,0.0
Li3Mn2CuO6,0.0
Hf2Si,0.0
Nd4InSbSe9,1.57
Re2RuBr,0.0
B3Pb3NO10,3.64
Eu(DySe2)2,1.8
NdSn2,0.0
BaLa2CoS5,0.0
ZrSe,0.0
K4(ZrSe5)3,1.81
Al0.4In0.6P1,2.12
Ho2Pd2Pb,0.0
NaEuO2,0.0
InBi2S4Cl,1.5
Cu2Hg2SF6,0.0
Zr2Al,0.0
TmCuSi,0.0
CaZn5,0.0
RbBi3TeSe4,0.8
Hf3P,0.0
YN,1.9
Ce4FeSe6O,0.0
BaMn4O7,0.0
HoNiGe,0.0
BaAu2,0.0
MnFeAs,0.0
Y6Zn(SiS7)2,2.38
Ti3PO7,0.0
Cu25Se26,0.0
Ga1.001Sb0.999Se0.003,0.71
Sm4In21Pd10,0.0
V12P7,0.0
ReIr3,0.0
SrN2,0.0
Zn3(PS4)2,3.07
V3Re,0.0
Li2CrCuO4,0.0
SmSb,0.59
TlZn2Tc,0.0
K4Ga4Si19,1.18
Cr2CuS4,0.0
KSnAuS3,2.3
Ba3Bi2TeO9,2.3
LiMnP2O7,0.0
Lu7(NiTe)2,0.0
NiGePt2,0.0
Mn5O7,0.0
LiGaPt2,0.0
Tl5Te3,0.0
YCoO3,0.0
Ag9Ge2IO8,0.0
RbVP2S7,0.0
LiSb3PbS6,1.6
Mg10B16Ir19,0.0
SmIn2Rh,0.0
PtS2,0.75
Ba2Ga8GeS16,3.0
Sn0.2Te0.2Pb0.8Se0.8,0.14
Eu(InS2)2,1.5
CsMg149,0.0
IrSeS,1.2
RbYbZnSe3,2.07
Sn0.08Te0.08Pb0.92Se0.92,0.22
Gd(InS2)3,1.13
Dy(InS2)3,1.22
Yb2Ge2Ir,0.0
CrBi2I2O11,2.4
CdBiClO2,3.08
Rb2Cd3Se4,2.37
SmAlCu,0.0
Zn2Ni9O13,0.0
Rb3Tm,0.0
Tm(CoSi)2,0.0
B3H2Pb2O7.5,4.42
Sc5Pb3,0.0
AgBr,2.52
Ho(BC)2,0.0
CeSbO3,0.0
K2NbCuS4,2.82
CsInS2,3.4
Sc6FeSb2,0.0
LiCu3F7,0.0
Li3Mo2P5O18,0.0
PdSe2,0.4
Ag2GeS3,1.98
ThIr5,0.0
Sm1.82Lu2.18Se6,1.51
Li2Nb2(PO4)3,0.0
LaGeI,0.0
In0.001Te1Pb0.999,0.3
Tm2ZnAg,0.0
LiBi2(PO4)3,0.0
SmAs2Au,0.0
In1.7Cu0.3Se2.7,1.21
Cs2Sb,0.62
Ba4InCuSe6,2.23
Ba2SmGaTe5,1.04
In1Sb0.3As0.7,0.11
V2Cd2Te2O11,2.48
HfCo3B2,0.0
DyGe,0.0
Ba4Yb(CuO3)3,0.0
RbMnTe2,0.0
LiHfPd2,0.0
LiF,11.7
LaAl12O19,0.0
MgInPd2,0.0
ScCrO4,0.0
Cs2SeClF6,0.0
Ho2Ge5Rh3,0.0
YbAgO2,0.0
Ge0.4Te1Pb0.6,0.51
LaP,0.54
Hf5Sn3,0.0
In0.1Ga0.9As0.9P0.1,1.6
K3Nb2AsSe11,1.53
Rb3Sb2I9,1.94
BaTi4O7,0.0
Li4Cu(PO4)2,0.0
Yb2(ZnGe)3,0.0
Sc2GaAg,0.0
MnO,3.6
Bi2Mo2Se2O13,3.15
K2Te,1.9
Rb2Zn3(SeO3)4,4.9
Li13Nb14ZnO42,0.0
ScTlTe2,0.85
TlCr5Se8,0.67
MnSnRu2,0.0
Sn1Se0.6S0.4,0.98
Rb2GeB4O9,5.54
Li2YbPb,0.0
Al4Cu2O7,0.0
Ag(AuS)2,0.0
Li2V2F7,0.0
Ag7(SI)2,0.0
Ca3N2,1.55
Li7Ti7O16,0.0
VAg(PSe3)2,0.0
Zn3Cu,0.0
K2Ag3Sb3S7,2.2
La4InSbS9,2.07
CaZn3Ni2,0.0
Zr(Fe2Si)2,0.0
Y4C7,0.0
Ba2Ce2O5,0.0
EuTl,0.0
Li3(CuO2)2,0.0
Cu3(BiI4)4,0.0
La2Fe2I,0.0
Zr5Al3,0.0
Pr2Au,0.0
Ba2GaBiSe5,2.21
RbMoPO6,2.96
Al7(CN)3,0.0
Tl2Hg3S4,2.05
Eu3Se4,0.58
HfAs2,0.0
Dy3Ga,0.0
NbGaCo2,0.0
GaBi,0.1
UGa5Ir,0.0
Cu4H10SO12,0.0
Hf7P4,0.0
Yb(AlGa)2,0.0
NaFe2O3,0.0
FeAg3(CN)6,0.0
CsTa3(SeO6)2,3.88
Na2UI6,0.0
AlAgS2,3.13
Al3Tc,0.0
CePrO2,0.0
Na5Gd(MoO4)4,3.38
Sm2Cu4Sn5,0.0
Na8Hg3,0.0
CdI2,3.8
SiAs2,0.88
SnB,0.0
Yb14Ti10O41,0.0
Na2Hg3(GeS4)2,2.68
Sm4GaSbS9,2.23
K4Ce3Sn3S14,2.46
Mn3(OF3)2,0.0
Gd2(Zn2Ge)3,0.0
In4S5,0.9
RbCaBO3,3.67
K3B6ClO10,6.89
Li2In2SiS6,3.61
Cd0.04In0.96Te0.04As0.96,0.69
CoGe,0.0
Tb(InS2)3,1.2
LiMgAs,0.7
FeI2,5.15
Cs5Mo21Se23,0.0
RbInTe3O8,3.9
VIn(NiO3)2,1.92
EuIn2(GeIr)4,0.26
NdCrGe3,0.0
Al0.01In0.99P1,1.3
Si0.109Ge0.891,1.13
Cs2VAgS4,1.77
Rb2Cd(PSe3)2,2.58
In4Cu2Te7,1.1
Li3(CuO)4,0.0
La(PRu)2,0.0
Re(TeCl6)2,0.0
Sm3Al,0.0
Cs3Bi2I9,1.8
TcSe2,0.88
Tm5(Ge5Rh2)2,0.0
PrGe5,0.0
TaTiFe2,0.0
Ag3AsO4,0.0
Te4Mo(WS)2,0.0
Tl(MoSe)3,0.0
TiSe2,1.55
Pr2CdSn,0.0
Ba1.88Ta15O32,0.13
Zn0.3Ga0.7P0.7S0.3,2.3
In1.05Cu0.95Se2.05,1.07
Li3Mn4O8,0.0
Ti2Sb(PO4)3,0.0
MnS,0.0
Zn0.9Hg0.1Te1,1.74
Ti5Zn4(TeO6)3,0.0
Ca2ZnRh,0.0
Ba4Ga4GeSe12,2.18
Mg2TcO4,0.0
BaCuSbSe3,1.6
Mn7O7F,0.0
Rb3Ag9(PS4)4,2.6
Sr2La2Pt1O7.13,2.52
Ga2Se2O7,4.61
In2O3,2.8
NbCrN,0.0
Ho2S3,0.5
Rb3Mn,0.0
CeCd2Ag,0.0
YH2,0.0
TlTeP,0.3
Bi1.98Sb0.02Te3,0.14
LuBPd3,0.0
ThPSe,0.0
Sm(NiSn)2,0.0
ThBi2,0.0
Er2Mg3Ru,0.0
NaSc(SeO3)2,5.5
Mo5O14,0.0
Nb3Ru,0.0
Lu3TlC,0.0
Nb5OF14,0.0
In9AgTe14,1.5
Si0.08Ge0.92,0.72
In1Sb0.1As0.9,0.14
NdCu3(RuO3)4,0.0
EuN,1.25
Cs2Pt(IO3)6,2.4
MnAl3,0.58
Li2InAg,0.0
Lu2FeS4,0.0
Sr2HoRuO6,0.0
ErB6,3.5
Lu(SiOs)2,0.0
SbSBr,2.17
In3Pd5,0.0
Na2Nb4Se4O19,3.56
In2S3,2.0
Mn3PdN,0.0
Si0.12Ge0.88,0.84
RbCu4AsS4,2.15
Ge0.25Te1Pb0.75,0.44
Nd3Ni13B2,0.0
K2TeI6,1.38
Li2Fe3SnO8,0.0
Mg(CoS2)2,0.0
MoSe2,1.6
Na8PO3,0.0
Nb6VSb3O25,3.2
ErNiSn,0.0
Lu2CdIn,0.0
Ba3ThSe7,1.96
Sm(CoSi)2,0.0
Ni(PO3)4,0.0
Ga1.8Cu0.2Se2.8,1.86
Bi2Pd3S2,0.0
Ga5Ge(PbSe3)4,1.91
LaCuTeO,2.31
NaLa2TaO6,4.5
Sb2PbSe4,1.8
Eu(BiTe2)2,0.44
RbSbTe2,0.38
CuP2(HO3)2,0.0
Na2In2GeS6,3.17
La2.1Bi5.9Pb2S14,1.0
FePd3,0.0
Rb2Sn2Hg3S8,2.48
ErNi4B,0.0
KZrPSe6,2.0
MgSi7Ir3,0.0
Nb6Co7,0.0
Nd2CdIn,0.0
Ga0.9Hg0.1Sb0.9Te0.1,0.65
Ge0.3Pb0.7Se1,0.4
Ba2ZnTe3,2.1
YBi,0.0
VNi2,0.0
Ta7Cu3O19,2.47
K3Ta2AsS11,2.21
AsAu3,0.0
LiSn4Ir,0.0
In1Ag1.75Sb5.75Se11,0.94
LiAlRh2,0.0
Ca6Cu2Sn7,0.0
Gd4GaSbS9,2.41
Sc6NiTe2,0.0
Ga2PbS4,2.38
SrLi2Sn,0.0
In3Sb,0.0
PdO,0.8
Zr7P4,0.0
Cs4Ga4Si19,1.14
Bi24BO39,2.91
In1.65Cu0.35Se2.65,1.19
Li3V4FeO12,0.0
Pr2Co12P7,0.0
ErCuPb,0.0
CsInSe2,2.81
KEuS2,0.0
Nb5Ge3,0.0
Sm6Br13,0.0
PmMgCd2,0.0
SmMg3,0.0
Pr3(Al2Si3)2,0.0
BaZnSO,3.9
KBi2,0.0
W2C,0.0
K2FeGe3Se8,1.95
Nd(Re2Si)2,0.0
VTc,0.0
MgZn2,0.0
Yb(SbS2)2,1.12
SrSeO4,4.75
Na0.5Ge1Pb1.75S4,2.08
RbNa2Sb,1.0
Ho(CuTe)3,0.26
TiFe2Si,0.4
InSb2S4Br,1.8
YbAgGe,0.0
TbSb2,0.0
CsYCdSe3,2.54
K2La2Ti3O10,3.05
Mo3Pd2N,0.0
Sr4V2(Se2O7)3,2.66
KNb3(SeO6)2,3.46
EuO,1.12
Bi3I4O13F3,3.7
MgMnO3,0.0
Na3MoClO4,4.69
Si3N4,5.1
Mn3NiN,0.0
V3Pt,0.0
Zn0.75Hg0.25Se1,1.4
KSi2P3,1.72
Cd0.3Hg0.7Te1,0.27
Al4Cu9,0.0
Li2B4O7,7.3
InHg7S6Cl5,2.54
Cr2CuTe4,0.0
La(Ni2B)6,0.0
Ce2Cu(NO)2,0.0
Ce2Fe17,0.0
HoB2Rh3,0.0
SmNiC2,0.0
MgAgAs,0.0
Eu(GaS2)2,2.25
Ca2PbAu2,0.0
Zr2Te,0.0
NdO2,0.0
TbYbRh2,0.0
Rb3Al3Ge7S20,3.1
Mn2GeS4,0.0
Tl4In3GaS8,2.63
HoMn12,0.0
Rb2Ti(CuS2)2,2.19
Ag2Mo(I2O7)2,3.06
Cu2WSe4,1.65
NdBi,0.0
CsZn2B3O7,5.69
Zn2TeMoO7,4.1
Ho2Au,0.0
TiCoSb,0.95
Yb(CuSe)3,0.2
Bi0.002Te0.003Pb0.999Se0.999,0.79
Y(CuSi)2,0.0
BiPO4,3.85
V2TcRu,0.0
Cu(NO3)2,0.0
TeMoSe,0.0
Hf5Sb9,0.0
Lu3InN,0.0
BeSiOs2,0.0
LiTmSn,0.0
In0.4Ga1.6Cu1S3.5,2.15
Li2In2SiSe6,2.54
CsZn4In5Te12,1.61
EuTiO3,0.0
Ba2DyCu3O7,0.0
KAgO,0.0
RbTmO3,0.0
SmAs,1.03
Ho4Ga16Co3,0.0
Y3Al3NiGe2,0.0
TlCr5Se5S3,0.8
YVSeO10,2.7
B4W,0.0
Ca3(GaPt)2,0.0
Yb(HO)3,0.0
K8Ce2I18O53,2.34
La4InSbSe9,1.76
HoZnRh2,0.0
Si0.162Ge0.838,1.32
Hg5AsS2I3,1.57
ZnTc,2.37
YZn5,0.0
Cd3Bi(PO4)3,3.9
Ga1As0.99P0.01,1.37
Ni2Mo3N,0.0
ScAg,0.0
SnTe,0.3
SrPb3,0.0
CsSb(SO4)2,4.68
Y2AlZn,0.0
Al0.3Ga0.7As1,1.81
LiMgBi,0.4
Tb(CuTe)3,0.46
BAs,1.45
Mg(FeS2)2,0.0
Y2Ru2O7,0.0
CsInI3,0.0
Ga1.02Sb0.98Se0.06,0.63
GeRh,0.0
Cs2TeBr6,2.12
Nb2O5,3.08
Sr3Ti2O7,3.26
Cu(IrS2)2,0.0
Zn3Cd,0.0
Bi1Sb0.15,0.02
Sr3Co2S2O5,0.0
CdHg4(AsI2)2,1.45
LiPm2Al,0.0
Ba12In4S19,2.56
Dy(CuSe)3,0.2
